0;499
0;2
0;498
0;280
0;419
1;2
1;3
1;499
2;1
2;0
2;4
2;264
3;4
3;1
3;5
4;3
4;2
4;40
4;70
5;6
5;3
5;7
6;5
6;7
6;8
6;10
7;6
7;8
7;5
7;9
7;73
7;398
8;7
8;6
8;314
8;344
9;10
9;7
9;11
9;212
9;41
10;9
10;12
10;6
11;12
11;9
11;13
11;369
12;11
12;13
12;10
12;14
12;260
13;12
13;14
13;11
13;273
14;13
14;15
14;12
14;16
15;14
15;16
15;17
15;187
16;15
16;17
16;14
16;18
17;16
17;18
17;15
17;19
17;270
17;232
18;17
18;19
18;16
18;253
19;18
19;20
19;17
19;418
20;19
20;21
20;22
20;180
21;20
21;22
21;23
21;145
22;21
22;23
22;20
22;24
23;22
23;24
23;21
23;25
24;23
24;25
24;22
24;26
24;323
25;24
25;26
25;23
25;27
26;25
26;27
26;24
26;28
27;26
27;28
27;25
27;29
27;351
28;27
28;29
28;26
28;45
29;28
29;30
29;27
29;31
30;29
30;31
30;32
31;30
31;29
31;33
31;142
31;281
32;33
32;30
32;105
33;32
33;34
33;31
33;199
34;33
34;35
34;36
35;34
35;36
35;37
36;35
36;37
36;34
36;38
37;36
37;35
37;39
37;297
38;39
38;36
38;305
39;38
39;37
39;41
39;408
40;41
40;42
40;4
41;40
41;42
41;39
41;9
42;41
42;40
42;44
42;488
43;44
43;45
43;382
43;394
44;43
44;45
44;42
44;46
45;44
45;46
45;43
45;47
45;28
45;50
46;45
46;47
46;44
46;48
47;46
47;48
47;45
47;49
48;47
48;49
48;46
48;50
49;48
49;50
49;47
49;51
49;247
50;49
50;48
50;424
50;45
50;53
51;52
51;49
51;53
52;51
52;53
52;54
53;52
53;54
53;51
53;50
54;53
54;55
54;52
54;56
55;54
55;56
55;57
56;55
56;54
56;58
56;217
57;58
57;55
57;59
58;57
58;59
58;56
58;60
59;58
59;60
59;57
59;61
60;59
60;61
60;58
60;62
61;60
61;62
61;59
61;244
61;262
62;61
62;63
62;60
62;64
63;62
63;64
63;65
64;63
64;65
64;62
64;66
64;304
65;64
65;66
65;63
65;67
66;65
66;67
66;64
66;290
67;66
67;68
67;65
67;138
67;332
67;337
68;67
68;69
68;70
69;68
69;70
69;169
70;69
70;71
70;68
70;4
70;263
71;70
71;72
71;135
71;434
72;71
72;73
72;74
72;374
72;245
73;72
73;75
73;7
74;75
74;72
74;76
75;74
75;76
75;73
75;77
76;75
76;77
76;74
76;78
77;76
77;75
77;79
77;186
78;79
78;76
78;80
79;78
79;80
79;77
79;81
80;79
80;81
80;78
80;227
81;80
81;82
81;79
81;83
82;81
82;83
82;84
83;82
83;84
83;81
83;85
84;83
84;85
84;82
84;86
84;178
85;84
85;83
85;87
85;242
85;211
86;87
86;84
86;481
87;86
87;88
87;85
87;89
88;87
88;89
88;90
89;88
89;90
89;87
89;91
89;193
90;89
90;91
90;88
90;332
91;90
91;89
91;93
91;410
92;93
92;94
93;92
93;94
93;91
93;95
94;93
94;95
94;92
94;96
95;94
95;96
95;93
95;349
95;489
96;95
96;97
96;94
96;98
97;96
97;98
97;99
98;97
98;96
98;100
98;324
99;97
99;237
99;356
99;247
100;98
100;486
100;304
100;442
101;102
101;103
101;285
102;101
102;103
102;104
103;102
103;104
103;101
103;105
104;103
104;102
104;106
104;415
105;106
105;103
105;107
105;32
106;105
106;107
106;104
106;108
107;106
107;108
107;105
107;109
108;107
108;109
108;106
108;424
109;108
109;110
109;107
109;111
109;383
110;109
110;111
110;119
111;110
111;112
111;109
111;113
112;111
112;113
112;114
113;112
113;114
113;111
113;115
113;208
114;113
114;115
114;112
114;116
115;114
115;116
115;113
115;467
116;115
116;117
116;114
116;118
117;116
117;118
117;248
118;117
118;119
118;116
118;120
119;118
119;120
119;110
119;395
120;119
120;121
120;118
120;122
121;120
121;122
121;489
122;121
122;123
122;120
122;124
122;241
122;432
123;122
123;124
123;125
124;123
124;125
124;122
124;126
125;124
125;126
125;123
125;490
126;125
126;127
126;124
126;128
127;126
127;128
127;129
128;127
128;129
128;126
128;446
129;128
129;127
129;131
129;374
130;131
130;353
130;149
131;130
131;132
131;129
131;133
132;131
132;133
132;238
132;326
133;132
133;131
133;135
133;245
134;135
134;190
135;134
135;136
135;133
135;137
135;71
136;135
136;137
136;280
137;136
137;138
137;135
137;452
138;137
138;67
138;350
139;140
139;141
139;189
140;139
140;141
140;142
141;140
141;142
141;139
141;143
142;141
142;143
142;140
142;144
142;31
142;363
143;142
143;144
143;141
143;145
144;143
144;145
144;142
144;178
145;144
145;146
145;143
145;21
146;145
146;147
146;372
147;146
147;148
147;149
148;147
148;149
148;150
149;148
149;150
149;147
149;130
150;149
150;151
150;148
150;337
150;488
151;150
151;152
151;153
152;151
152;154
152;322
153;154
153;151
153;155
154;153
154;155
154;152
154;254
154;255
155;154
155;153
155;315
155;298
156;158
156;224
157;158
157;159
158;157
158;156
158;160
158;329
158;181
159;160
159;157
159;161
160;159
160;161
160;158
160;162
161;160
161;162
161;159
161;163
162;161
162;160
162;164
162;324
163;164
163;161
163;165
164;163
164;165
164;162
164;166
165;164
165;166
165;163
165;167
166;165
166;167
166;164
166;168
167;166
167;165
167;169
167;230
168;169
168;166
168;170
168;334
169;168
169;170
169;167
169;171
169;441
169;69
170;169
170;171
170;168
170;172
171;170
171;172
171;169
171;493
172;171
172;173
172;170
172;174
173;172
173;174
173;175
173;267
174;173
174;172
174;176
174;340
175;176
175;173
175;177
176;175
176;174
176;178
176;404
177;178
177;175
177;304
177;270
178;177
178;176
178;180
178;84
178;144
179;180
179;181
180;179
180;178
180;182
180;20
180;228
181;179
181;183
181;158
182;183
182;180
182;322
182;192
182;336
183;182
183;184
183;181
183;250
184;183
184;185
184;474
185;184
185;186
185;187
185;280
186;185
186;187
186;188
186;77
187;186
187;185
187;15
187;293
187;234
188;189
188;186
188;190
188;263
189;188
189;190
189;139
190;189
190;191
190;188
190;192
190;134
190;497
191;190
191;192
191;193
192;191
192;193
192;190
192;182
193;192
193;191
193;195
193;89
194;195
194;196
195;194
195;196
195;193
195;197
196;195
196;197
196;194
196;198
197;196
197;198
197;195
197;199
198;197
198;196
198;200
198;220
198;386
198;242
199;200
199;197
199;201
199;33
200;199
200;198
200;202
200;218
201;202
201;199
201;203
201;357
202;201
202;203
202;200
202;204
203;202
203;204
203;201
203;205
204;203
204;205
204;202
204;206
205;204
205;203
205;230
205;264
206;207
206;204
206;208
207;206
207;208
207;209
208;207
208;209
208;206
208;113
209;208
209;210
209;207
209;211
209;266
210;209
210;211
210;212
210;493
211;210
211;209
211;213
211;85
212;210
212;214
212;9
213;214
213;211
213;215
214;213
214;215
214;212
214;485
214;449
215;214
215;213
215;217
215;356
216;217
216;220
217;216
217;218
217;215
217;219
217;56
218;217
218;219
218;200
218;332
219;218
219;220
219;217
219;221
219;489
220;219
220;221
220;222
220;198
220;390
220;216
220;408
221;220
221;222
221;219
221;223
222;221
222;223
222;220
222;224
223;222
223;221
223;225
223;449
224;225
224;222
224;226
224;156
224;433
225;224
225;223
225;227
225;287
226;227
226;224
226;228
227;226
227;228
227;225
227;80
227;402
228;227
228;229
228;226
228;180
229;228
229;230
229;244
230;229
230;231
230;232
230;167
230;205
231;230
231;232
231;233
232;231
232;233
232;230
232;17
233;232
233;234
233;231
233;488
234;233
234;235
234;433
234;187
234;451
235;234
235;236
235;237
236;235
236;237
236;238
237;236
237;238
237;235
237;99
237;379
238;237
238;236
238;240
238;132
239;240
239;241
240;239
240;241
240;238
240;242
241;240
241;239
241;243
241;122
242;243
242;240
242;85
242;198
243;242
243;244
243;241
243;245
244;243
244;61
244;229
244;257
245;246
245;243
245;133
245;278
245;72
246;245
246;247
246;265
247;246
247;49
247;99
248;249
248;250
248;117
249;248
249;250
249;251
250;249
250;251
250;248
250;252
250;183
251;250
251;252
251;249
251;253
252;251
252;253
252;250
252;254
253;252
253;254
253;251
253;255
253;18
254;253
254;252
254;256
254;154
255;256
255;253
255;257
255;154
256;255
256;257
256;254
256;258
257;256
257;258
257;255
257;259
257;244
257;371
258;257
258;259
258;256
258;260
259;258
259;260
259;257
259;261
260;259
260;258
260;262
260;12
260;360
261;259
261;407
261;329
262;263
262;260
262;264
262;61
263;262
263;264
263;70
263;188
264;263
264;265
264;262
264;266
264;2
264;205
265;264
265;266
265;267
265;246
266;265
266;267
266;264
266;209
266;292
267;266
267;268
267;265
267;173
268;267
268;269
268;270
269;268
269;270
269;271
270;269
270;268
270;17
270;177
271;272
271;269
271;273
272;271
272;274
272;427
273;274
273;271
273;275
273;13
274;273
274;275
274;272
274;276
275;274
275;276
275;273
275;348
275;336
276;275
276;277
276;274
276;278
277;276
277;278
277;279
278;277
278;276
278;280
278;245
279;280
279;277
279;281
280;279
280;281
280;278
280;0
280;468
280;136
280;185
281;280
281;282
281;279
281;31
282;281
282;283
282;284
283;282
283;284
283;348
284;283
284;285
284;282
284;286
285;284
285;286
285;101
286;285
286;287
286;284
286;288
287;286
287;288
287;289
287;225
288;287
288;289
288;286
288;290
289;288
289;290
289;287
289;291
289;314
290;289
290;291
290;288
290;292
290;324
290;66
291;290
291;292
291;289
291;293
292;291
292;293
292;290
292;266
293;292
293;294
293;291
293;295
293;187
294;293
294;295
294;296
295;294
295;296
295;293
295;297
296;295
296;297
296;294
296;298
297;296
297;298
297;295
297;299
297;37
298;297
298;299
298;296
298;300
298;155
299;298
299;300
299;297
299;409
300;299
300;301
300;298
300;302
301;300
301;302
301;303
302;301
302;303
302;300
302;304
303;302
303;304
303;301
303;305
304;303
304;302
304;100
304;177
304;64
305;306
305;303
305;307
305;38
306;305
306;308
306;383
307;308
307;305
307;309
308;307
308;309
308;306
308;464
309;308
309;310
309;307
309;311
310;309
310;311
310;312
311;310
311;312
311;309
311;313
312;311
312;313
312;310
312;314
313;312
313;314
313;311
313;315
314;313
314;312
314;316
314;8
314;289
315;316
315;313
315;317
315;155
316;315
316;317
316;314
316;470
317;316
317;315
317;369
317;445
318;319
318;320
319;318
319;320
319;458
320;319
320;321
320;318
320;322
321;320
321;322
321;323
322;321
322;323
322;320
322;324
322;152
322;182
323;322
323;321
323;325
323;24
324;322
324;326
324;98
324;162
324;290
325;326
325;323
325;327
326;325
326;327
326;324
326;328
326;132
327;326
327;328
327;325
327;329
328;327
328;329
328;326
328;330
329;328
329;330
329;327
329;331
329;158
329;261
330;329
330;331
330;328
330;332
331;330
331;332
331;329
331;333
332;331
332;333
332;330
332;334
332;67
332;90
332;218
333;332
333;334
333;331
333;406
334;333
334;332
334;336
334;168
335;336
335;337
336;335
336;337
336;334
336;275
336;182
337;336
337;335
337;150
337;67
338;339
338;340
339;338
339;340
339;341
340;339
340;338
340;342
340;174
340;424
341;342
341;339
341;343
342;341
342;343
342;340
342;344
343;342
343;344
343;341
343;345
344;343
344;342
344;346
344;441
344;364
344;367
344;8
344;442
345;346
345;343
345;347
346;345
346;347
346;344
346;367
347;346
347;345
347;349
347;470
348;350
348;275
348;283
349;350
349;347
349;351
349;95
350;349
350;351
350;348
350;352
350;138
351;350
351;352
351;349
351;27
352;351
352;353
352;350
352;437
353;352
353;354
353;355
353;130
354;353
354;355
354;356
354;396
355;354
355;356
355;353
355;357
356;355
356;357
356;354
356;215
356;401
356;99
356;419
357;356
357;355
357;359
357;201
357;474
358;359
358;360
359;358
359;357
359;361
359;446
360;358
360;362
360;260
361;362
361;359
361;363
361;381
362;361
362;363
362;360
362;364
362;439
363;362
363;364
363;361
363;142
364;363
364;362
364;366
364;344
365;366
365;367
366;365
366;367
366;364
366;368
367;366
367;365
367;369
367;344
367;346
368;369
368;366
368;370
369;368
369;370
369;367
369;317
369;11
370;369
370;371
370;368
370;372
371;370
371;372
371;257
372;371
372;373
372;370
372;374
372;146
373;372
373;374
373;375
374;373
374;372
374;376
374;129
374;72
375;376
375;373
375;377
376;375
376;377
376;374
376;378
377;376
377;375
377;476
377;437
378;379
378;376
378;380
378;466
379;378
379;380
379;381
379;237
380;379
380;381
380;378
380;382
381;380
381;382
381;379
381;361
382;381
382;383
382;380
382;43
383;382
383;385
383;306
383;109
384;385
384;386
385;384
385;386
385;383
385;387
386;385
386;384
386;388
386;198
387;388
387;385
387;389
388;387
388;389
388;386
388;390
389;388
389;390
389;387
389;391
390;389
390;388
390;392
390;220
391;392
391;389
391;393
392;391
392;393
392;390
392;394
393;392
393;394
393;391
393;395
394;393
394;395
394;392
394;43
395;394
395;396
395;393
395;397
395;119
396;395
396;397
396;354
397;396
397;398
397;395
397;399
398;397
398;400
398;7
399;400
399;397
399;401
400;399
400;401
400;398
400;402
400;465
401;400
401;399
401;403
401;356
402;400
402;404
402;455
402;227
403;404
403;401
403;405
404;403
404;405
404;402
404;406
404;176
405;404
405;406
405;403
405;407
406;405
406;407
406;404
406;408
406;333
407;406
407;408
407;405
407;409
407;261
408;407
408;409
408;406
408;39
408;220
409;408
409;410
409;407
409;411
409;446
409;299
410;409
410;411
410;412
410;91
411;410
411;412
411;409
411;413
412;411
412;413
412;410
412;414
413;412
413;411
413;415
413;495
414;415
414;412
414;416
415;414
415;416
415;413
415;417
415;104
415;465
416;415
416;417
416;414
416;418
417;416
417;415
417;419
417;436
418;419
418;416
418;420
418;460
418;19
419;418
419;420
419;417
419;356
419;0
420;419
420;421
420;418
420;422
421;420
421;422
421;423
422;421
422;423
422;420
422;424
423;422
423;424
423;421
423;425
424;423
424;425
424;422
424;426
424;50
424;340
424;108
425;424
425;426
425;423
425;427
426;425
426;427
426;424
426;428
427;426
427;428
427;425
427;429
427;272
428;427
428;429
428;426
428;430
429;428
429;430
429;427
429;431
430;429
430;431
430;428
430;432
431;430
431;432
431;429
431;433
432;431
432;433
432;430
432;122
433;432
433;431
433;234
433;224
434;435
434;71
435;434
435;436
435;437
436;435
436;437
436;438
436;417
437;436
437;438
437;435
437;439
437;352
437;377
438;437
438;439
438;436
438;440
439;438
439;437
439;441
439;362
440;441
440;438
440;442
441;440
441;439
441;443
441;344
441;169
442;443
442;440
442;100
442;344
443;442
443;444
443;441
443;445
444;443
444;445
444;446
445;444
445;446
445;443
445;447
445;317
446;445
446;444
446;448
446;359
446;409
446;128
447;448
447;445
447;449
448;447
448;446
448;450
448;470
449;450
449;447
449;451
449;223
449;214
450;449
450;451
450;448
450;452
451;450
451;452
451;449
451;234
452;451
452;453
452;450
452;454
452;137
453;452
453;455
453;493
454;455
454;452
454;456
455;454
455;456
455;453
455;457
455;402
456;455
456;457
456;454
456;458
457;456
457;458
457;455
457;459
458;457
458;459
458;456
458;460
458;319
459;458
459;460
459;457
459;461
460;459
460;458
460;462
460;418
461;459
461;463
461;484
462;463
462;460
462;464
463;462
463;464
463;461
463;465
464;463
464;465
464;462
464;466
464;308
465;464
465;463
465;400
465;415
466;467
466;464
466;378
467;466
467;468
467;469
467;115
468;467
468;470
468;280
469;470
469;467
469;471
470;469
470;471
470;468
470;472
470;347
470;448
470;316
471;470
471;472
471;469
471;473
472;471
472;473
472;470
472;474
473;472
473;474
473;471
473;475
474;473
474;472
474;476
474;357
474;184
475;476
475;473
475;477
476;475
476;477
476;474
476;478
476;377
477;476
477;478
477;475
477;479
478;477
478;479
478;476
478;480
479;478
479;480
479;477
479;481
480;479
480;481
480;478
480;482
481;480
481;482
481;479
481;483
481;86
482;481
482;483
482;480
482;484
483;482
483;484
483;481
483;485
484;483
484;485
484;482
484;486
484;461
485;484
485;483
485;487
485;214
486;487
486;484
486;488
486;100
487;486
487;488
487;485
487;489
487;492
488;487
488;489
488;486
488;490
488;42
488;150
488;233
489;488
489;487
489;219
489;121
489;95
490;491
490;488
490;492
490;125
491;490
491;492
491;493
492;491
492;490
492;494
492;487
493;491
493;495
493;453
493;210
493;171
494;495
494;492
494;496
495;494
495;496
495;493
495;497
495;413
496;495
496;497
496;494
496;498
497;496
497;498
497;495
497;190
498;497
498;499
498;496
498;0
499;498
499;0
499;1
