2473
2496
50
82
104
131
138
142
145
154
169
187
199
210
213
214
241
243
267
279
344
345
354
381
444
466
571
675
720
733
753
791
801
814
894
897
1023
1231
1233
1267
1286
1307
1541
1547
1631
1680
1740
1756
1843
1915
1982
2003
2036
2067
2094
2292
2345
2347
2490
218
403
408
576
834
850
862
880
886
919
955
998
1116
1160
1181
1257
1263
1301
1413
1487
1544
1685
1712
1731
2069
2163
2321
2386
2413
2469
11
19
39
521
522
734
1226
1293
1305
1382
1593
1607
1765
2486
91
770
932
947
1396
1651
1771
1816
2002
2044
2070
2098
2284
744
1638
1773
1797
1936
2324
1667
108
2052
