0	31
0	166
0	241
0	591
0	618
0	630
0	688
1	94
1	95
1	360
1	363
1	378
1	483
1	747
1	818
2	316
2	420
2	598
2	722
2	906
3	4
3	205
3	516
3	656
3	685
3	940
3	950
3	969
4	376
4	389
4	415
4	447
4	599
4	671
4	754
4	811
4	989
4	997
5	312
5	353
5	703
6	99
6	337
6	472
6	494
6	727
6	805
6	879
7	254
7	298
7	535
7	948
8	219
8	264
8	353
8	355
8	427
8	640
9	0
9	54
9	142
9	186
9	454
9	648
9	742
10	497
10	874
10	945
11	41
11	127
11	182
11	327
11	816
11	973
12	106
12	178
12	434
12	646
13	252
13	365
13	660
15	67
15	707
15	931
16	177
16	430
16	559
16	568
17	0
17	24
17	180
17	240
17	286
17	701
17	862
17	993
18	116
18	205
18	393
18	559
18	693
18	778
18	785
19	130
19	239
19	531
19	636
19	722
19	744
19	981
20	3
20	11
20	172
20	178
20	526
20	580
20	631
20	672
20	872
21	227
21	232
21	965
22	58
22	541
22	637
22	640
22	970
23	135
23	166
23	310
23	325
23	456
23	516
23	886
24	63
24	136
24	433
24	572
24	908
24	952
25	536
25	611
25	716
25	893
26	21
26	622
26	819
26	913
27	360
27	774
27	857
27	954
28	42
28	46
28	279
28	412
28	604
28	699
29	137
29	268
29	356
29	382
29	472
29	770
30	555
30	704
30	710
30	871
30	881
31	67
31	215
31	605
31	677
31	751
31	795
31	796
31	945
32	498
32	589
32	892
33	100
33	454
34	75
34	199
34	871
35	173
35	192
35	443
35	763
35	784
35	902
35	914
36	27
36	31
36	112
36	353
36	591
36	780
36	801
36	844
37	396
38	243
38	262
38	607
38	749
39	112
40	236
40	598
40	707
40	955
40	980
41	453
41	844
42	148
42	186
42	516
42	860
43	49
43	136
43	348
43	407
43	410
43	515
43	783
44	73
44	264
44	478
44	649
45	112
45	482
45	631
45	711
45	980
46	24
46	172
46	450
46	484
46	600
46	700
46	993
47	289
47	391
47	436
47	948
48	23
48	206
48	227
48	236
48	303
48	877
49	77
49	84
49	722
49	963
50	191
50	532
51	476
51	806
51	841
51	860
52	440
52	686
52	722
52	940
53	315
53	318
53	493
53	577
53	720
53	727
53	824
54	63
54	205
54	430
54	623
54	703
55	225
55	523
55	704
55	769
56	304
56	481
56	591
56	649
56	952
57	534
57	548
57	633
57	850
58	410
59	24
59	92
59	413
59	459
59	791
60	44
60	216
60	255
60	308
60	423
60	681
60	804
60	814
60	987
61	298
61	322
61	368
61	442
61	552
61	623
61	977
62	98
62	457
62	706
63	25
63	34
63	111
63	186
63	725
63	885
64	213
64	573
64	829
64	924
64	929
65	128
65	287
65	811
65	922
66	165
66	309
66	635
67	101
67	119
67	349
67	601
67	642
67	711
67	939
68	5
68	231
68	457
68	706
68	783
68	836
68	994
69	50
69	235
69	456
69	927
69	947
70	8
70	334
70	351
70	411
70	775
70	783
71	84
71	249
71	266
71	325
71	327
71	438
71	708
71	832
71	925
72	29
72	163
72	373
73	43
73	231
73	272
73	489
73	597
73	723
73	931
73	989
74	370
74	523
74	876
75	29
75	77
75	222
75	301
75	485
75	494
75	748
75	801
75	938
76	414
76	938
77	216
77	295
77	416
77	558
77	610
78	33
78	154
78	183
78	225
78	243
78	287
78	475
78	995
79	265
79	356
79	607
79	726
79	779
79	801
79	958
80	22
80	196
80	497
80	507
80	589
80	867
80	890
81	207
81	380
82	81
82	142
82	202
82	588
82	688
82	693
83	500
83	666
84	67
84	165
84	419
84	424
84	888
85	86
85	422
85	730
85	804
85	869
86	29
86	136
86	283
86	545
86	745
86	849
87	481
88	143
88	331
88	447
88	637
89	150
89	374
89	381
89	645
89	786
90	157
90	910
91	50
91	72
91	230
92	61
92	128
92	526
92	671
92	737
93	91
93	230
93	347
93	421
93	452
93	462
93	604
93	836
94	123
94	202
94	237
94	554
94	950
94	955
94	976
94	985
95	872
96	121
96	314
96	496
96	616
96	631
97	40
97	188
97	311
97	590
97	597
98	181
98	531
98	557
98	841
99	152
99	377
99	398
99	533
99	639
99	674
99	732
99	764
99	821
99	864
100	14
100	549
100	743
100	853
100	888
101	560
101	785
101	801
102	104
102	105
102	200
102	221
102	735
103	139
103	254
103	348
103	470
103	986
104	372
104	443
104	496
104	498
104	564
104	936
104	948
104	996
105	18
105	122
105	427
105	519
106	229
106	293
106	295
106	398
106	513
107	162
107	313
107	923
108	22
108	97
108	415
108	449
108	474
108	536
108	655
108	666
108	988
108	995
109	88
109	111
109	213
109	758
109	936
109	941
109	956
110	126
110	330
110	485
110	584
110	630
110	679
110	704
111	209
111	758
112	269
112	413
112	717
113	233
113	247
113	378
113	617
113	765
114	144
114	145
114	345
114	534
114	627
114	755
114	855
114	962
115	217
115	314
115	872
116	51
116	283
116	320
116	439
116	467
116	630
117	118
117	660
117	674
118	153
118	155
118	240
118	532
119	23
119	350
119	606
119	729
119	827
119	851
119	906
120	57
120	202
120	383
120	488
120	568
120	684
120	758
120	778
120	842
120	949
121	10
121	82
121	136
121	141
121	499
121	692
121	713
121	858
121	913
122	127
122	237
122	537
122	573
122	714
122	732
123	387
123	797
123	938
124	29
124	266
124	520
124	558
124	808
124	885
124	984
125	226
125	270
125	745
125	921
125	925
126	105
126	117
126	255
126	356
126	821
127	21
127	473
127	679
127	817
127	918
127	937
128	143
128	196
128	263
128	277
128	644
128	794
129	257
129	922
130	191
130	498
130	520
130	631
131	343
131	349
131	791
132	9
132	128
132	360
132	632
132	665
133	78
133	433
133	581
133	779
133	879
133	959
134	178
134	248
134	317
134	683
134	787
135	40
135	342
135	536
135	694
135	771
135	884
136	121
136	396
136	561
136	625
136	932
137	36
137	51
137	97
137	396
137	791
138	592
138	818
139	68
140	171
140	683
141	42
141	109
141	218
141	291
141	346
141	553
141	886
142	277
142	491
142	613
142	644
142	710
142	939
143	131
143	471
143	791
143	932
144	109
144	224
144	261
144	367
144	491
144	510
144	745
144	783
144	892
144	922
144	982
144	999
145	290
145	444
147	294
147	675
147	851
147	898
148	113
149	251
149	689
149	794
149	873
149	958
150	213
150	415
150	546
150	639
150	819
150	932
150	972
151	27
151	113
151	286
151	312
151	597
151	721
151	808
151	948
152	65
152	982
153	217
153	261
153	627
155	256
155	441
156	170
156	205
156	484
156	530
156	590
156	655
156	941
156	953
156	996
157	296
157	526
157	741
157	919
158	12
158	22
158	339
158	466
158	717
159	612
159	835
159	850
160	251
160	266
160	306
160	397
160	482
160	517
160	596
160	968
161	128
161	190
161	207
161	244
161	312
161	504
161	512
161	600
161	875
161	894
161	934
162	644
163	11
163	166
163	313
163	365
163	371
164	11
164	130
164	260
164	362
164	376
164	641
164	895
165	663
165	715
165	758
165	923
165	927
166	145
166	202
166	230
166	395
166	706
166	725
167	933
167	972
168	768
168	928
169	93
169	289
169	307
169	673
170	27
170	407
170	496
170	601
170	823
170	877
170	951
171	51
171	192
171	270
171	473
171	658
171	736
171	775
171	830
172	471
173	66
173	149
173	235
173	426
173	519
173	731
173	785
173	818
173	971
174	64
174	510
174	706
174	828
175	155
175	167
175	461
175	651
175	788
175	831
175	899
175	957
175	989
176	31
176	191
176	884
177	75
177	192
177	875
177	947
178	117
178	168
178	205
178	210
178	616
178	774
178	800
179	44
179	528
179	768
179	962
180	29
180	182
180	383
180	624
180	825
181	19
181	49
181	474
182	325
182	340
182	382
182	905
183	20
183	253
183	607
183	816
183	827
184	8
184	111
184	126
184	332
184	508
184	638
184	878
184	900
185	85
185	240
185	592
185	745
185	766
185	978
186	46
186	123
186	140
186	566
186	672
186	938
186	950
186	997
187	101
187	199
187	589
187	727
188	14
188	46
188	768
188	857
188	986
189	380
189	746
190	98
190	573
191	22
191	133
191	354
191	685
191	794
192	76
192	331
192	720
193	223
193	273
194	246
194	304
194	496
194	717
194	834
194	850
194	895
194	915
195	112
195	336
195	753
195	932
196	559
197	56
197	253
197	520
197	611
197	811
198	821
198	960
199	278
199	438
199	751
200	79
200	276
200	368
200	410
200	438
201	563
202	180
202	367
202	675
202	736
202	775
202	776
202	956
202	976
203	46
203	96
203	113
203	200
203	412
203	475
203	601
203	887
203	932
204	148
204	343
204	371
204	639
204	952
204	994
205	8
205	961
206	19
206	205
206	598
206	634
206	660
207	140
207	505
207	736
207	819
207	943
207	999
208	149
208	438
208	469
208	585
208	884
209	42
209	102
209	184
209	189
209	249
209	266
209	433
209	534
209	711
210	103
210	376
210	510
210	540
210	925
210	926
210	931
211	470
211	784
211	817
211	952
211	992
212	330
212	492
212	527
212	947
213	683
213	781
214	204
214	349
214	481
214	523
214	931
215	68
215	329
215	667
215	782
215	876
216	17
216	366
216	368
216	613
216	738
216	739
216	905
216	912
216	952
216	994
217	549
217	576
217	955
218	249
218	342
218	676
218	802
218	849
218	924
218	940
219	801
219	957
220	316
220	434
220	446
220	653
220	761
220	798
220	861
221	346
221	433
221	528
221	556
221	966
222	901
223	64
223	579
223	767
224	20
224	183
224	196
224	292
224	536
224	746
224	808
225	132
225	491
225	771
226	228
226	428
226	455
226	548
226	592
226	912
226	972
227	338
227	606
227	737
227	891
228	243
228	363
228	368
228	390
228	527
228	745
229	46
229	141
229	152
229	487
229	553
229	928
229	934
230	82
230	131
230	214
230	302
230	604
231	288
231	455
231	464
231	534
231	576
232	81
232	124
232	195
232	430
232	733
232	974
233	125
233	243
233	337
233	379
233	429
233	441
233	821
233	935
234	79
234	108
234	141
234	322
234	597
234	970
235	114
235	390
235	560
235	642
236	82
236	231
236	310
236	465
237	272
237	381
237	743
238	162
238	211
238	561
238	679
238	956
239	217
239	264
239	339
239	359
239	426
239	640
239	652
239	714
240	310
240	424
240	573
240	633
241	352
241	394
241	631
241	815
241	823
242	202
242	335
242	534
243	61
243	219
243	398
243	803
244	245
244	870
245	277
245	373
245	767
245	964
246	126
246	396
246	527
246	908
247	132
247	312
247	419
248	206
248	226
248	259
248	423
248	701
248	799
248	861
249	121
249	198
249	413
250	613
251	220
251	228
251	319
251	336
251	351
251	355
251	427
251	557
251	663
251	982
252	112
252	291
252	310
252	660
252	915
253	53
253	94
253	163
253	449
253	454
253	519
253	583
253	748
253	885
254	19
254	55
254	252
254	274
254	346
254	522
254	937
254	984
255	204
255	232
255	281
255	383
255	391
255	646
255	860
255	972
256	107
256	406
256	753
256	886
257	366
257	580
257	968
258	91
258	207
258	360
258	472
258	522
259	8
259	181
259	624
259	780
260	314
260	342
260	418
260	823
261	22
261	414
262	19
262	186
262	583
262	618
262	620
262	666
263	758
264	53
264	258
264	269
264	647
265	12
265	26
265	152
265	240
265	362
265	697
265	706
266	24
266	202
266	318
266	474
267	274
267	425
267	728
267	738
267	949
268	55
268	121
268	513
268	998
269	295
269	334
269	350
269	442
269	483
269	730
269	751
270	19
270	363
270	381
270	609
270	783
270	852
271	160
271	513
271	721
271	778
271	958
272	66
272	87
272	170
273	104
273	721
273	875
274	607
274	686
274	748
275	66
275	103
275	607
276	440
276	817
276	889
277	186
277	291
277	470
277	526
277	716
277	781
277	793
278	77
278	109
278	386
278	455
278	487
278	750
279	39
279	81
279	221
279	223
279	277
279	281
279	400
279	677
280	418
280	756
281	120
281	250
281	469
281	521
281	734
281	817
281	942
281	944
282	116
282	327
282	332
282	744
282	841
283	264
283	483
283	891
284	188
284	650
285	252
285	343
285	507
285	554
285	790
285	921
285	952
286	52
286	152
286	387
286	659
286	731
287	6
287	56
287	241
287	267
287	437
287	808
288	137
288	216
288	267
288	431
288	461
288	474
288	494
288	798
288	987
289	90
289	630
289	921
290	701
290	718
290	756
290	915
291	267
291	335
291	846
291	900
292	125
292	254
292	378
292	455
292	491
292	608
292	691
293	57
293	195
293	396
293	501
293	691
294	11
294	135
294	182
294	368
294	434
294	574
294	621
294	664
294	901
295	782
295	803
295	809
295	941
296	198
296	623
297	255
297	299
297	532
297	668
297	688
297	691
297	839
298	55
298	114
298	266
298	627
298	804
298	866
299	14
299	64
299	166
299	275
299	364
299	609
299	955
299	962
299	991
299	999
300	144
300	174
300	279
300	358
300	410
300	456
300	776
300	853
301	201
301	440
301	443
301	522
301	667
302	314
302	383
302	465
302	530
302	558
302	621
302	857
302	978
303	196
303	210
303	307
303	639
303	904
303	921
304	283
304	347
304	437
304	541
304	647
304	775
304	962
305	19
305	21
305	361
305	534
305	605
305	608
305	663
305	669
306	87
306	133
306	524
306	975
307	78
307	223
307	981
308	25
308	35
308	102
308	449
308	479
308	533
308	850
309	533
309	550
309	672
310	342
310	513
310	645
310	672
310	686
310	699
310	715
311	463
311	533
311	610
312	597
312	783
312	854
312	964
313	9
313	132
313	225
313	646
313	746
313	908
314	756
314	789
315	186
315	198
315	253
315	372
315	694
315	714
315	804
315	909
315	925
316	106
316	387
316	695
317	40
317	357
317	446
318	376
318	889
318	945
319	537
319	920
320	54
320	92
320	177
320	213
320	427
320	430
320	453
320	468
320	931
321	142
321	188
321	244
321	358
321	380
321	397
321	799
321	807
321	879
321	966
322	367
322	421
322	739
322	969
323	55
323	171
323	511
323	528
323	778
323	826
323	901
323	912
323	945
324	471
324	538
324	695
324	800
325	336
325	482
325	525
326	140
326	214
326	246
326	339
327	56
327	220
327	380
327	557
327	630
327	690
328	69
328	479
329	188
329	241
329	399
329	476
329	610
329	990
330	354
330	367
330	593
330	808
331	626
331	706
331	802
331	856
332	235
332	590
332	661
332	925
333	30
333	76
333	82
333	695
333	786
334	23
334	82
334	340
334	543
335	92
335	134
335	141
335	831
335	902
335	979
336	81
336	120
336	430
336	847
336	894
337	31
337	336
337	780
337	797
337	800
337	845
337	880
337	988
338	144
338	177
338	481
338	905
339	246
339	255
339	264
339	562
339	630
340	352
340	768
340	863
341	796
341	821
341	847
341	996
342	202
342	215
342	309
342	584
343	25
343	322
343	501
343	586
343	811
344	42
344	266
344	672
344	719
344	780
344	832
345	156
345	299
345	376
345	629
345	701
345	730
346	86
346	694
346	797
346	876
346	913
347	428
348	227
348	439
348	618
348	675
348	718
349	600
349	637
349	724
350	49
350	404
350	759
351	37
351	40
351	187
351	393
351	399
351	457
351	800
351	845
352	28
352	321
352	662
353	367
353	392
353	446
353	479
353	769
353	907
353	996
354	29
354	142
354	282
354	617
355	20
355	207
355	396
355	421
355	433
355	836
356	121
356	338
356	351
356	606
356	771
356	932
357	142
357	247
357	931
357	939
358	308
358	472
358	648
358	789
359	248
359	318
359	700
359	809
359	898
359	984
360	171
360	378
360	385
360	436
361	266
361	488
361	531
361	659
361	838
362	140
362	277
362	292
362	416
362	719
363	245
363	284
363	524
363	721
363	875
363	969
364	486
364	547
364	864
364	953
365	464
365	718
365	730
365	833
365	899
366	264
366	362
366	426
366	557
366	795
367	70
367	692
367	762
367	901
368	118
368	167
368	197
368	259
368	375
368	378
368	837
368	870
368	979
369	81
369	623
369	723
369	852
369	869
369	883
370	226
370	381
370	970
371	174
371	360
371	653
372	35
372	44
372	68
372	270
372	390
372	780
372	811
372	997
373	96
373	490
374	20
374	32
375	274
375	337
375	907
376	519
376	628
376	735
376	821
376	990
377	463
377	787
377	930
378	358
378	438
378	639
379	240
379	774
379	812
380	943
380	954
381	107
381	357
381	458
381	541
381	926
381	965
382	58
382	98
382	212
382	229
382	320
382	408
382	534
382	675
382	766
382	962
383	201
383	228
383	867
384	10
384	79
384	217
384	487
384	537
384	574
384	612
384	643
384	938
385	2
385	399
385	759
386	129
386	141
386	169
386	474
386	545
386	547
386	819
387	298
387	303
387	500
387	845
387	939
388	157
388	731
388	849
388	996
389	493
389	609
389	641
389	890
389	967
389	991
390	42
390	113
390	192
390	337
390	470
390	516
390	652
390	736
390	779
390	923
391	212
391	463
392	197
392	217
392	251
392	375
392	446
392	710
392	831
393	50
393	309
393	721
393	795
393	941
393	944
394	60
394	200
394	203
394	458
394	631
394	934
394	975
395	44
395	61
395	318
395	503
395	542
395	557
395	936
396	30
396	66
396	235
396	263
396	459
396	859
397	26
397	66
397	84
397	645
397	898
398	258
398	493
398	551
398	623
398	870
399	62
399	376
399	626
399	742
399	841
399	967
400	188
400	513
400	760
401	241
401	405
401	582
401	654
401	891
401	949
402	6
402	655
402	988
403	51
404	70
404	79
404	137
404	405
404	424
404	467
405	472
405	765
405	783
405	895
406	9
406	267
406	590
406	635
406	862
407	80
407	127
407	347
407	374
407	383
407	443
407	646
407	791
407	819
408	65
408	148
408	213
408	444
408	867
408	915
408	929
408	948
409	453
409	581
409	773
410	222
410	330
410	700
410	786
411	53
411	251
411	554
411	590
411	696
411	738
412	85
412	282
412	318
412	340
412	723
412	891
413	111
413	364
413	373
413	606
413	742
413	807
414	14
414	418
414	643
414	648
414	819
415	24
415	338
415	441
415	511
415	806
416	815
417	92
417	203
417	270
417	505
417	578
417	623
417	642
417	661
418	332
418	363
418	776
419	228
419	504
419	670
419	743
420	189
420	257
420	624
421	19
421	69
421	105
421	318
422	218
422	586
422	883
423	512
423	575
423	663
423	673
423	785
423	818
424	201
424	272
424	475
424	656
424	708
424	848
425	26
425	375
425	803
426	531
426	607
427	139
427	352
427	433
427	480
427	534
427	686
427	866
428	7
428	182
428	657
428	681
428	981
429	63
429	96
429	585
429	588
429	601
429	727
430	130
430	156
430	577
431	140
431	663
431	807
431	835
432	165
432	179
432	210
432	539
432	581
432	590
432	645
433	158
433	450
433	531
433	748
433	756
433	828
434	273
434	314
434	458
434	506
434	575
434	642
434	699
434	984
435	0
435	136
435	185
435	350
435	506
435	738
435	984
435	994
436	48
436	170
436	272
436	340
436	560
436	587
436	705
436	811
437	196
437	480
437	696
437	871
438	290
438	648
438	954
438	983
439	33
439	44
439	672
439	725
439	820
440	91
440	444
440	886
441	140
441	204
441	779
441	867
442	391
442	837
442	866
442	951
443	123
443	249
443	727
444	16
444	426
444	461
444	723
445	34
445	161
445	714
445	853
445	869
445	971
446	313
446	431
446	710
447	323
447	652
448	64
448	372
448	530
448	751
449	33
449	201
449	318
449	350
449	651
449	714
449	752
449	769
449	924
450	19
450	567
450	838
450	847
450	887
451	868
451	915
452	6
452	390
452	830
453	19
453	623
454	109
454	373
454	426
454	492
454	563
454	636
455	23
455	41
455	576
455	608
455	668
456	59
456	76
456	203
456	797
456	816
457	131
457	699
457	886
457	950
457	979
457	987
458	71
458	772
459	322
460	193
460	410
460	827
460	985
461	110
461	432
461	480
461	503
462	177
462	373
462	692
462	701
462	782
462	979
463	550
463	629
464	62
464	411
464	649
464	833
465	6
465	247
465	442
465	740
465	743
465	871
466	7
466	101
466	534
467	41
467	158
467	892
467	971
468	483
468	509
468	740
468	971
469	38
469	528
469	684
469	699
469	820
470	95
470	263
470	558
470	714
470	765
471	152
471	316
471	424
472	125
472	299
472	977
473	326
473	337
473	431
473	566
473	603
473	671
473	896
473	970
474	38
474	322
474	438
474	819
474	847
474	848
474	902
475	275
475	319
475	412
475	527
475	848
476	116
476	285
476	297
476	807
477	17
477	47
477	90
477	291
477	439
477	486
477	524
477	574
477	606
477	845
477	913
477	960
478	23
478	77
478	99
478	202
478	461
478	476
478	737
478	908
479	13
479	82
479	320
479	404
479	606
479	681
479	698
479	875
480	149
480	867
480	973
481	392
481	734
481	755
482	30
482	228
482	740
482	992
483	132
483	244
483	317
483	420
483	518
483	860
484	30
484	233
484	491
484	801
484	812
484	866
485	138
485	145
485	334
485	419
485	537
485	737
485	929
485	960
486	82
486	124
486	183
486	812
486	934
487	288
487	306
488	19
488	25
488	107
488	160
488	257
488	320
488	898
488	956
489	296
489	347
489	369
489	698
489	931
489	974
490	759
490	988
491	499
491	978
492	88
492	230
492	318
492	703
492	836
492	916
494	453
494	458
494	473
494	586
494	682
495	392
495	895
496	251
496	255
496	335
496	399
496	553
496	662
496	753
497	144
497	346
497	392
497	914
498	52
498	289
498	333
498	517
499	30
499	164
499	170
499	500
499	506
499	521
499	641
499	837
500	42
500	248
500	751
500	925
501	66
501	95
501	208
501	265
501	634
501	776
502	183
502	260
502	280
502	447
502	721
502	805
502	840
502	917
503	327
503	533
503	547
503	728
504	74
504	121
504	171
504	259
504	349
504	355
504	493
504	807
504	865
505	136
505	146
505	224
505	506
505	599
506	50
506	74
506	145
506	146
506	224
506	310
506	564
507	18
508	76
508	87
508	277
508	311
508	496
508	590
509	35
509	224
509	238
509	699
509	866
509	939
510	8
510	43
510	604
511	104
511	589
511	686
512	332
512	749
512	793
512	907
513	497
513	967
514	69
514	209
514	483
514	715
515	273
515	856
516	3
516	175
516	266
516	274
516	658
516	750
516	787
517	392
517	490
517	940
518	96
518	129
518	326
518	355
518	727
518	750
518	871
518	923
518	963
519	649
519	658
519	948
520	219
520	465
520	868
521	3
521	223
521	304
521	618
521	631
521	679
521	718
521	815
522	116
522	306
522	363
522	648
522	657
522	742
523	186
523	268
523	616
523	851
524	35
524	186
524	881
525	586
525	601
525	717
526	179
526	489
526	637
526	764
526	795
527	91
527	255
527	359
527	366
527	371
527	473
527	483
527	661
527	941
528	150
528	328
528	769
528	784
528	852
529	100
529	175
529	320
529	350
529	354
529	452
529	473
529	525
529	530
529	556
529	621
529	783
529	957
530	135
530	532
530	651
530	728
531	169
531	357
531	542
531	613
531	646
531	730
532	249
532	808
533	326
533	792
534	0
534	94
534	169
534	665
534	771
535	229
535	277
535	968
536	565
536	607
537	235
537	265
537	578
537	759
537	781
537	820
538	148
538	202
538	449
538	753
538	891
539	142
539	986
540	216
540	462
540	496
540	622
540	638
540	669
540	736
540	972
541	107
541	154
541	314
541	395
541	407
541	481
541	591
541	624
541	754
541	768
542	154
542	319
542	894
542	982
543	52
543	599
543	659
543	987
544	38
544	403
544	423
544	535
544	966
545	209
545	327
545	396
545	471
545	512
545	774
546	209
546	343
546	440
546	445
546	447
546	800
547	312
547	351
547	423
547	653
548	205
548	460
548	549
548	727
548	811
548	832
548	856
549	2
550	382
550	384
550	626
550	884
550	940
551	7
551	371
551	487
551	569
551	789
552	202
552	209
552	298
552	357
552	538
552	798
552	913
553	168
553	466
553	486
553	790
553	919
554	20
554	417
554	741
554	838
555	561
555	602
556	313
556	520
556	701
556	864
557	255
557	291
557	455
557	559
557	586
557	964
558	19
558	29
558	91
558	312
558	463
558	635
558	913
559	122
559	148
559	256
559	300
559	496
559	514
559	680
559	940
559	943
560	459
560	566
561	143
561	359
561	400
561	427
561	575
561	677
561	838
562	49
562	67
562	320
562	604
562	673
562	846
562	867
563	157
563	232
563	266
563	469
563	477
563	555
563	659
563	755
563	825
563	861
564	9
564	33
564	426
564	844
565	59
565	181
565	236
565	361
565	439
565	796
565	892
566	59
566	519
566	750
567	126
567	233
567	464
567	493
567	660
567	688
568	199
568	247
568	768
568	796
568	826
569	248
569	670
569	747
569	875
570	334
571	25
571	85
571	293
571	897
571	963
572	706
573	150
573	362
573	414
573	926
573	951
574	385
574	503
574	505
574	535
574	792
574	803
575	49
575	182
575	522
576	222
577	206
577	437
577	578
577	633
577	651
577	794
577	831
577	896
577	969
578	44
578	121
578	514
578	579
578	653
578	733
579	4
579	99
579	260
579	320
579	645
579	866
579	984
580	178
580	313
580	421
580	511
580	726
580	764
581	115
581	478
581	747
581	907
581	984
582	42
582	76
582	116
582	206
582	278
582	399
582	520
583	48
583	112
583	192
583	498
583	720
583	730
583	807
583	909
584	544
584	575
584	579
584	849
584	982
585	27
585	50
585	132
585	155
585	223
585	483
585	530
585	565
585	969
586	452
586	615
586	731
587	256
587	287
587	575
587	581
587	599
587	806
587	846
588	147
588	412
588	479
588	567
588	773
589	447
589	622
589	663
589	830
590	160
590	216
590	526
590	569
590	583
590	660
591	2
591	8
591	625
592	85
592	163
592	250
592	275
592	999
593	175
593	217
593	473
593	643
593	713
593	721
593	811
593	826
594	309
594	600
595	197
595	227
595	247
595	341
596	551
596	866
597	14
597	95
597	127
597	194
597	199
597	628
597	714
597	896
597	916
598	528
598	694
598	758
598	903
599	33
599	801
600	8
600	117
600	238
600	276
600	569
600	855
601	25
601	62
601	162
601	381
601	383
601	629
601	663
601	802
601	893
602	55
602	180
602	590
602	730
602	834
602	958
603	464
603	470
603	559
604	218
604	349
604	412
604	423
604	587
604	645
604	994
605	65
605	74
605	285
605	399
605	669
605	680
605	711
605	835
605	931
605	950
606	40
606	359
606	618
606	659
606	727
606	779
606	849
607	75
607	279
607	499
607	772
607	858
607	992
608	229
608	751
608	957
608	965
609	156
609	550
610	602
610	658
610	742
610	974
611	270
611	321
611	378
611	441
611	546
611	675
611	719
611	939
612	332
612	569
612	741
612	805
612	977
613	33
613	292
613	723
613	810
613	956
614	137
614	177
614	395
614	483
614	761
614	787
615	38
615	305
615	414
615	452
615	718
615	793
615	915
616	656
616	723
616	852
616	997
617	476
618	171
618	204
618	242
618	255
618	809
618	909
619	13
619	537
619	762
619	978
620	5
620	182
620	240
620	353
620	440
621	191
621	626
621	758
621	981
621	982
622	144
622	411
622	641
623	622
623	872
624	4
624	111
624	231
624	446
624	622
624	646
624	783
624	835
624	962
625	223
625	257
625	287
625	300
625	707
625	888
626	76
626	527
626	814
626	987
627	357
627	405
627	640
627	830
627	883
628	188
628	313
628	392
628	458
628	658
629	32
629	136
629	139
629	443
629	550
629	649
629	661
629	718
629	875
629	928
630	161
630	540
630	561
630	852
630	913
631	220
631	966
631	981
632	26
632	349
632	353
632	371
632	391
632	523
632	593
632	992
633	137
633	172
633	476
634	301
634	790
634	888
635	121
635	199
635	254
635	481
635	817
635	823
635	954
636	487
636	639
636	746
637	131
637	278
637	566
637	689
637	697
638	464
638	756
638	797
638	814
638	831
639	81
639	520
639	927
640	2
640	540
640	978
641	186
641	205
641	520
641	849
641	879
641	996
642	213
642	768
642	773
642	894
643	339
643	689
643	709
643	739
643	825
643	856
644	754
644	869
644	932
645	54
645	172
645	273
645	887
646	300
646	399
646	409
647	64
647	96
647	136
647	170
647	259
647	347
647	413
648	30
648	236
648	382
648	784
648	934
649	83
649	115
649	309
649	584
649	703
649	858
650	112
650	314
650	364
650	731
651	321
651	528
651	681
652	50
652	445
652	627
652	965
653	902
654	583
654	686
655	533
655	553
655	586
656	196
656	217
656	420
656	510
656	613
656	801
656	901
657	579
657	701
658	3
658	29
658	606
658	825
658	892
659	95
659	154
659	295
659	507
659	646
659	754
659	808
660	150
660	225
660	295
660	435
660	785
660	803
660	896
660	899
660	986
661	23
661	129
661	418
661	651
661	939
661	946
661	967
662	26
662	116
662	134
662	358
662	388
662	452
663	123
663	486
663	527
663	615
663	673
663	718
663	958
663	973
664	63
664	148
664	208
664	292
665	445
665	528
665	768
665	944
666	221
666	319
666	872
666	955
666	968
667	323
667	355
667	387
668	50
668	53
668	92
668	108
668	416
668	616
668	639
668	744
668	773
668	810
669	530
669	999
670	62
670	302
670	341
670	490
670	648
670	751
670	899
670	902
670	946
671	126
671	263
671	775
671	869
671	876
672	132
672	267
672	415
672	648
672	726
672	960
673	365
673	557
674	22
674	254
674	297
674	382
674	718
675	132
675	423
675	904
676	828
676	844
676	915
677	46
677	170
677	205
677	213
677	427
677	768
677	894
678	22
679	22
679	188
679	505
679	547
679	577
679	632
679	634
679	868
679	955
680	255
680	261
680	380
680	534
681	104
681	232
681	318
681	325
681	352
681	619
681	868
682	447
682	635
682	650
682	815
683	6
683	82
683	465
683	492
683	702
684	622
684	708
684	925
685	168
685	299
685	314
685	341
685	372
685	424
685	692
685	806
686	304
686	960
687	191
687	425
687	612
688	238
688	261
688	328
688	454
688	520
688	788
688	834
689	296
689	570
689	683
689	929
690	0
690	124
690	290
690	855
690	927
691	75
691	79
691	95
691	268
691	388
691	401
691	559
691	690
692	110
692	129
692	468
692	491
693	147
693	197
693	223
693	551
693	568
693	604
694	281
694	551
695	84
695	275
695	351
695	613
695	788
696	158
696	273
696	276
696	295
696	480
696	500
696	533
696	821
697	114
697	424
697	612
698	134
698	462
698	713
698	775
699	482
699	638
699	961
699	989
700	492
700	519
700	621
700	663
700	878
701	467
701	611
701	736
702	388
702	631
703	411
703	450
703	591
703	736
703	749
703	791
703	799
703	825
703	846
703	972
703	999
704	344
704	351
704	573
704	576
704	709
704	879
704	989
705	143
705	437
706	24
706	482
706	525
706	581
706	615
706	657
706	751
706	757
706	932
706	945
707	47
707	302
707	303
707	368
707	433
707	482
707	534
707	583
707	588
707	652
707	710
708	32
708	237
708	290
708	936
708	938
709	609
709	690
709	710
709	839
710	375
710	450
710	660
710	699
710	731
710	756
710	780
710	988
711	94
711	101
711	375
711	657
712	35
712	36
712	99
712	113
712	298
712	480
712	882
713	130
713	132
713	336
713	510
713	734
714	10
714	153
714	341
714	420
714	559
715	282
715	823
715	970
716	113
716	135
716	246
716	451
716	719
716	800
716	836
716	908
717	1
717	154
717	292
717	358
717	373
718	584
718	702
718	783
719	384
719	503
719	713
719	858
720	57
720	65
720	202
720	418
720	676
720	714
720	828
721	66
721	175
721	278
721	348
721	454
721	491
721	515
721	702
722	88
722	178
722	364
722	593
722	625
722	803
722	930
723	130
723	252
723	330
723	412
723	566
724	40
724	647
724	910
725	720
725	731
726	236
726	578
726	675
726	912
726	958
727	296
727	372
727	427
727	448
727	678
727	698
727	746
727	895
728	522
728	736
728	910
729	431
729	508
729	556
729	836
729	914
730	296
730	304
730	457
730	993
731	266
731	798
731	917
732	187
732	491
732	925
733	619
733	880
733	996
734	112
734	149
734	153
734	629
734	651
734	804
734	859
735	125
735	478
735	539
735	796
736	225
736	383
736	526
736	768
736	885
737	7
737	850
737	885
738	13
738	201
738	244
738	384
738	543
738	612
738	647
738	983
739	634
739	756
739	807
740	95
740	155
740	217
740	338
740	604
740	980
741	375
741	395
741	469
741	475
741	491
741	527
741	581
741	670
741	932
742	42
742	68
742	210
742	236
742	440
742	647
742	918
742	981
743	276
743	480
743	500
743	642
743	711
743	773
743	808
743	878
743	985
744	89
744	109
744	302
744	364
744	537
744	751
744	793
744	805
745	27
745	159
745	354
745	402
745	538
745	929
745	932
746	161
746	244
746	411
746	696
746	768
747	281
747	430
747	451
747	488
747	946
748	66
748	214
748	454
748	558
748	846
749	352
749	507
749	567
749	609
749	797
749	809
749	871
749	914
750	166
750	433
750	631
750	941
751	165
751	450
751	646
752	854
753	208
753	280
753	530
753	586
753	704
753	720
753	916
754	2
754	26
754	56
754	254
754	853
755	147
755	395
755	501
755	512
755	597
755	632
755	647
755	938
755	967
756	150
756	823
756	890
757	424
757	676
757	723
757	748
757	836
757	900
757	945
758	171
758	540
758	551
758	575
758	881
758	925
758	997
759	74
759	417
759	642
759	708
760	323
760	375
760	521
761	927
762	454
762	581
762	620
762	826
763	588
763	684
764	114
764	212
764	488
764	523
764	774
764	868
764	934
765	529
766	193
766	783
766	879
766	973
766	985
767	165
767	220
767	403
767	580
768	230
768	382
768	541
768	561
768	593
768	823
768	827
768	876
769	126
769	448
769	489
769	737
769	765
769	878
770	111
770	244
770	261
770	354
770	412
770	562
770	644
770	705
770	769
771	171
771	394
771	631
771	640
771	679
772	167
772	256
772	380
772	720
772	888
773	215
773	715
773	908
773	909
773	914
773	945
773	962
774	68
774	846
774	931
775	62
775	453
775	489
775	907
775	909
776	228
776	437
776	595
776	896
777	302
777	392
777	484
777	600
777	854
777	968
778	375
778	784
779	285
779	318
779	433
779	521
780	610
781	577
781	743
781	993
782	351
782	613
782	630
783	14
783	145
783	159
783	322
783	396
783	504
783	540
783	931
783	975
785	27
785	34
786	66
786	83
786	119
786	303
786	559
786	642
786	644
786	708
786	779
786	872
786	894
787	72
787	224
787	355
787	430
787	436
787	613
787	794
787	884
788	272
788	297
788	528
788	639
788	754
788	938
789	39
789	80
789	204
789	293
789	697
789	873
789	980
790	151
790	172
790	198
790	662
790	840
790	919
791	140
791	144
791	294
791	602
791	910
792	27
792	277
792	916
792	930
793	329
793	605
793	867
794	134
794	287
794	373
794	427
794	437
794	815
794	823
794	959
795	452
795	539
795	704
795	766
795	796
796	468
796	516
796	650
796	986
797	92
797	444
797	527
797	641
797	861
797	883
798	3
798	350
798	887
799	214
799	288
799	538
799	565
799	569
799	708
800	78
800	523
801	66
801	211
801	243
801	373
801	762
801	903
802	227
802	688
802	964
803	253
803	285
803	354
803	687
804	422
804	505
804	541
804	800
805	720
806	51
806	111
806	278
806	432
806	580
806	951
807	198
807	704
807	797
807	812
808	136
808	201
808	266
808	286
808	352
808	680
809	53
809	336
809	392
809	477
809	858
810	197
810	222
810	387
810	516
810	628
810	723
811	157
811	233
811	422
811	622
811	797
811	806
812	292
812	520
812	580
812	957
813	15
813	51
813	99
813	105
813	480
813	612
813	627
813	634
813	916
814	42
814	231
814	403
814	462
814	967
815	170
815	191
815	343
815	364
815	528
815	546
815	650
816	41
816	99
816	215
816	492
816	549
816	589
816	993
817	22
817	225
817	370
817	484
817	554
817	651
817	692
817	804
818	327
818	517
820	72
820	184
820	191
820	262
820	403
820	596
820	775
821	65
821	974
822	49
822	551
822	836
822	924
822	960
822	964
823	125
823	127
823	841
823	929
824	264
824	269
824	332
824	775
824	790
824	837
824	899
824	987
825	23
825	76
825	125
825	220
825	267
825	397
825	467
825	659
826	66
826	133
826	574
826	601
826	711
826	738
826	834
826	843
827	205
827	322
827	466
827	726
827	764
827	813
828	95
829	75
829	78
829	224
829	297
830	532
830	580
831	965
832	35
832	412
832	442
832	567
832	816
833	137
833	404
833	452
833	531
833	549
833	932
835	208
835	378
835	444
835	678
835	808
836	320
836	429
836	582
836	591
836	788
836	930
836	981
837	25
837	333
837	686
837	769
838	56
838	144
838	220
838	452
838	631
838	697
838	742
838	992
838	996
839	17
839	316
839	364
839	724
840	9
840	447
840	511
840	767
840	771
841	129
841	269
841	301
841	440
841	658
841	678
841	952
842	149
842	357
842	779
843	2
843	483
843	614
844	35
844	196
844	325
844	492
844	579
844	627
844	649
844	713
844	799
845	194
845	255
845	337
845	766
845	905
846	139
846	374
846	420
846	953
847	409
847	577
847	690
847	896
847	918
848	417
848	772
848	841
848	891
848	954
849	277
849	444
849	492
849	557
849	858
850	19
850	88
850	151
850	297
850	581
850	658
851	182
851	355
851	854
852	45
853	67
853	403
853	435
853	592
853	982
854	90
854	94
854	155
854	522
854	553
854	790
855	91
855	253
855	330
855	456
855	769
855	876
855	996
856	50
856	301
856	559
856	577
856	657
856	798
856	963
857	548
858	454
858	699
858	895
858	918
859	85
859	196
859	518
859	669
859	820
860	249
860	355
860	372
860	719
861	54
861	229
861	553
861	630
861	648
861	763
862	328
862	383
862	500
862	725
862	854
863	72
863	522
863	719
863	869
863	944
864	506
864	691
865	112
865	120
865	407
865	552
865	640
865	649
865	803
865	855
866	159
866	209
866	290
866	348
866	387
866	965
866	989
867	529
867	561
868	7
868	184
868	370
868	439
868	744
869	29
869	126
869	201
869	319
869	562
869	706
869	906
870	23
870	84
870	317
870	327
870	594
870	849
871	230
871	488
871	734
871	781
872	103
872	318
872	928
873	227
873	264
873	329
873	494
873	578
874	53
874	405
875	42
875	88
875	232
875	669
876	114
876	158
876	309
876	365
876	469
876	644
876	907
877	287
877	328
877	579
877	791
877	919
879	0
879	48
879	106
879	197
879	216
879	372
879	597
879	619
879	813
879	961
880	45
880	137
880	270
881	309
881	512
881	702
882	264
882	728
882	965
882	985
883	371
883	466
883	580
883	657
883	791
883	830
884	49
884	193
884	498
884	740
884	849
885	7
885	176
885	449
885	480
885	700
885	895
886	339
886	366
886	434
886	504
886	719
886	843
886	929
887	220
887	254
887	583
887	586
887	769
887	778
887	847
887	926
887	957
888	622
888	739
888	799
888	867
889	681
890	207
890	268
890	372
890	515
890	517
890	569
891	124
891	428
891	907
892	33
892	103
892	180
892	468
892	615
892	771
893	105
893	279
893	371
894	485
894	563
894	790
894	912
895	50
895	109
895	203
895	288
895	465
895	470
895	550
895	699
896	6
896	315
896	436
896	484
896	710
896	714
896	747
896	867
897	87
897	336
897	708
897	783
897	985
898	306
898	512
898	862
898	976
899	26
899	135
899	211
899	296
899	697
899	879
900	368
901	274
901	572
901	595
901	599
901	648
901	781
902	104
902	137
902	825
903	111
903	632
903	782
904	258
904	370
904	881
904	969
905	35
905	283
905	299
905	356
905	970
906	146
906	905
907	52
907	74
907	290
907	455
907	578
907	778
907	846
908	515
908	539
908	914
909	277
909	429
909	606
909	672
909	732
909	773
909	880
910	39
910	55
910	77
910	78
910	258
910	342
910	479
910	782
910	783
910	799
910	815
910	883
911	31
911	728
911	807
911	930
911	980
912	80
912	92
912	542
912	702
913	220
913	390
913	723
913	792
913	906
914	135
914	151
914	186
914	295
914	654
914	699
915	179
915	628
915	638
915	850
915	919
916	11
916	36
916	105
916	109
916	713
917	403
917	535
918	107
918	224
918	303
918	458
919	145
919	265
919	383
919	528
919	657
919	911
920	247
920	390
920	499
920	506
920	772
921	193
921	293
921	622
921	624
921	773
921	933
921	935
922	464
922	482
922	534
922	567
922	655
922	751
922	808
923	36
923	257
923	263
924	290
924	794
924	886
924	975
925	81
925	367
925	494
925	867
926	94
926	224
926	489
926	715
926	773
927	17
927	454
927	726
927	751
928	76
928	352
928	550
928	554
929	703
930	506
930	553
930	621
930	665
930	806
931	504
931	516
931	580
931	646
931	733
931	826
931	844
932	60
932	108
932	119
932	137
932	364
932	525
932	874
932	902
933	162
933	239
933	288
933	698
934	433
934	802
935	34
935	332
935	442
935	574
935	632
935	650
935	652
936	398
936	446
937	397
937	634
937	772
938	491
938	694
938	839
938	840
938	856
939	65
939	66
939	622
940	517
941	214
941	332
942	51
942	86
942	666
942	671
943	80
943	657
943	662
944	5
944	235
944	476
944	741
944	756
944	765
945	8
945	155
945	454
945	944
946	11
946	130
946	171
946	213
946	240
946	694
946	927
946	966
947	61
947	737
947	799
948	49
948	143
948	227
948	229
948	457
949	95
949	116
949	268
949	302
949	459
949	634
949	647
949	762
949	897
949	923
949	981
950	125
950	719
950	759
950	877
951	45
951	109
951	124
951	272
951	584
951	886
952	263
952	270
952	401
952	496
952	624
953	122
953	144
953	248
953	818
953	934
953	940
954	168
954	169
954	315
954	319
954	324
954	377
954	909
955	10
955	774
955	791
955	800
956	485
956	501
956	507
956	620
956	822
956	888
956	894
957	214
957	289
957	308
957	479
957	728
957	915
957	923
958	147
958	153
958	165
958	610
958	995
959	44
959	497
959	747
960	71
960	285
960	393
960	580
960	685
961	72
961	83
961	562
961	611
962	170
962	466
962	637
962	700
962	865
962	952
963	223
963	332
964	170
964	195
964	305
964	866
965	111
965	182
965	392
965	731
965	740
966	49
966	71
966	172
966	308
966	508
967	2
967	53
967	298
967	709
967	848
968	296
968	561
968	817
969	45
969	126
969	611
969	676
969	972
970	55
970	121
970	130
970	181
970	240
970	886
971	63
971	298
971	397
971	565
972	244
972	402
972	575
972	697
973	345
973	661
973	780
973	909
974	210
974	463
974	495
974	515
974	694
974	718
975	141
975	330
975	671
975	880
975	979
976	88
976	128
976	443
976	496
976	519
976	727
977	0
977	462
977	605
977	740
977	825
978	51
978	331
978	636
978	833
978	907
978	951
979	26
979	123
979	283
979	416
979	657
980	111
980	137
980	483
980	517
980	938
981	54
981	62
981	137
981	643
982	175
982	291
982	511
982	705
983	72
983	576
983	894
984	282
984	654
984	749
985	41
985	98
985	324
985	811
985	874
986	19
986	328
986	524
986	918
986	926
987	24
987	54
987	223
987	508
987	655
987	718
987	802
988	83
988	86
988	128
988	201
988	228
988	286
988	327
988	488
988	500
988	723
989	401
989	454
989	615
989	889
989	946
990	39
990	79
990	310
990	696
990	865
991	316
991	585
991	744
991	813
992	140
992	202
992	496
992	527
992	544
992	582
992	642
993	923
993	986
994	23
994	241
994	516
994	561
994	896
995	139
995	448
995	581
996	193
996	420
996	455
996	838
996	873
996	881
996	948
998	486
998	490
998	654
998	768
998	980
999	59
999	72
999	121
999	377
999	501
999	835
