0;187
0;229
0;376
0;527
0;670
0;802
0;850
0;868
0;1053
0;1089
0;1346
1;14
1;198
1;786
1;874
1;1205
2;37
2;796
2;1050
2;1240
2;1442
3;516
3;1097
3;1206
3;1250
4;122
4;553
4;687
4;763
4;773
4;1064
4;1320
4;1363
4;1424
5;209
5;255
5;376
5;549
5;803
5;1210
5;1218
5;1397
5;1412
5;1434
6;16
6;241
6;259
6;608
6;763
6;1019
7;138
7;193
7;515
7;541
7;815
7;1034
7;1267
8;93
8;272
8;381
8;619
8;663
8;664
8;977
9;169
9;171
9;185
9;300
9;326
9;1200
9;1363
10;22
10;50
10;384
10;415
10;494
10;1036
11;37
11;98
11;196
11;574
11;721
11;939
11;957
12;22
12;258
12;791
12;908
12;957
12;1051
12;1380
13;614
13;615
13;747
13;912
13;1018
13;1237
13;1272
13;1458
14;453
14;544
14;710
15;215
15;392
15;699
15;819
15;888
15;980
15;1004
15;1086
15;1188
15;1199
15;1234
15;1319
15;1407
16;61
16;961
16;1249
16;1279
16;1314
16;1369
17;802
17;804
18;93
18;240
18;399
18;528
18;564
18;713
18;747
18;912
18;1032
18;1132
19;237
19;678
19;743
19;992
19;1013
19;1241
20;48
20;118
20;281
20;466
20;1250
20;1316
20;1373
21;252
21;485
21;499
21;647
21;746
21;921
21;1048
21;1097
21;1168
21;1171
21;1306
21;1428
22;16
22;68
22;352
22;451
22;574
22;575
22;699
22;723
22;1033
22;1164
22;1167
22;1486
23;183
23;200
23;299
23;495
23;822
23;934
23;1189
24;408
24;475
24;585
25;38
25;55
25;306
25;572
25;657
25;884
25;1050
26;304
26;383
26;389
26;397
26;572
27;424
27;544
27;1327
27;1383
28;193
28;360
28;1093
28;1197
28;1406
28;1493
29;311
29;372
29;817
29;1392
29;1473
30;1
30;259
30;357
30;549
30;1278
30;1320
31;80
31;218
31;556
31;630
31;854
31;993
31;1156
32;91
32;128
32;325
32;347
32;537
32;897
32;1007
32;1099
32;1342
33;201
33;502
33;770
33;837
33;953
33;987
33;1106
33;1183
34;22
34;653
34;783
34;1233
34;1458
35;22
35;412
35;485
35;504
35;734
35;1317
36;255
36;281
36;983
36;1016
36;1035
37;226
37;406
37;440
37;490
37;811
37;1225
38;73
38;561
38;864
38;880
38;1032
38;1097
38;1199
38;1230
38;1338
38;1455
38;1493
39;389
39;766
39;1031
39;1457
40;373
40;574
40;1158
40;1301
40;1428
41;16
41;156
41;227
41;291
41;408
41;528
41;587
41;863
41;1396
41;1473
42;19
42;357
42;516
42;587
42;598
42;649
42;758
42;1346
43;105
43;501
43;822
43;914
43;1203
43;1215
43;1240
44;169
44;276
44;466
44;763
44;997
44;1051
44;1133
44;1213
44;1238
45;320
45;672
45;945
45;1007
45;1046
45;1157
45;1265
46;21
46;120
46;404
46;465
46;869
46;1292
47;10
47;271
47;535
47;813
47;1120
47;1232
47;1276
47;1364
48;215
48;327
48;442
48;877
48;972
48;1112
48;1220
48;1238
49;773
49;843
49;1271
50;496
50;566
50;754
50;783
50;836
50;909
50;936
50;988
50;1144
50;1442
50;1447
51;44
51;171
51;323
51;565
51;1087
51;1408
52;183
52;264
52;684
52;1003
52;1090
52;1163
52;1310
52;1328
52;1437
52;1487
53;102
53;479
53;537
53;762
53;1136
53;1219
54;42
54;134
54;154
54;243
54;316
54;408
54;422
54;675
54;1143
55;5
55;101
55;122
55;130
55;681
55;1202
56;720
56;928
56;1009
57;69
57;83
57;155
57;455
57;514
57;520
57;774
57;827
57;1112
57;1305
58;161
58;385
58;441
58;576
58;765
58;1074
58;1375
59;484
59;740
59;802
59;1123
59;1242
60;237
60;272
60;306
60;492
60;818
61;127
61;167
61;355
61;427
61;933
61;1042
61;1418
61;1425
61;1443
62;306
62;542
62;651
62;717
62;810
62;1015
62;1129
62;1137
62;1159
62;1169
62;1210
62;1276
62;1454
63;88
63;154
63;157
63;409
63;717
63;915
63;1026
64;133
64;250
64;557
64;735
64;1286
64;1364
64;1374
65;287
65;1092
66;184
66;475
67;17
67;375
67;1104
67;1214
67;1246
67;1274
67;1300
67;1382
67;1397
68;47
68;419
68;467
68;506
68;508
68;794
68;928
68;1420
69;20
69;136
69;346
69;360
69;391
69;396
69;421
69;619
70;8
70;155
70;323
70;333
70;477
70;722
70;825
70;827
70;959
70;963
71;62
71;433
71;568
71;734
71;827
71;872
71;1006
71;1061
71;1330
71;1336
72;117
72;136
72;772
72;885
72;1167
72;1213
73;132
73;169
73;276
73;299
73;325
73;371
73;848
73;874
73;950
73;1187
73;1312
73;1424
74;25
74;1346
75;308
75;320
75;725
75;758
75;877
75;1038
75;1054
75;1426
76;391
76;519
76;523
76;653
76;926
76;966
76;1373
77;180
77;407
77;882
77;995
77;1075
77;1158
77;1177
78;280
78;685
78;835
78;842
78;956
78;1389
79;6
79;29
79;244
79;544
79;740
79;864
79;985
79;996
79;1063
79;1096
79;1374
79;1400
80;412
80;428
80;629
80;891
80;1090
80;1471
81;39
81;390
81;566
81;594
81;875
81;1175
82;30
82;102
82;158
82;270
82;411
82;726
82;1091
82;1237
82;1459
83;36
83;194
83;475
83;709
83;712
83;742
83;886
83;1045
83;1072
83;1221
83;1248
83;1278
83;1380
84;351
84;979
84;1137
84;1143
84;1170
84;1259
85;64
85;241
85;554
85;1175
85;1210
85;1218
85;1370
85;1422
86;13
86;149
86;569
86;600
86;685
86;690
86;715
86;718
86;1443
86;1490
87;77
87;106
87;140
87;368
87;745
87;767
87;808
87;964
87;1026
87;1169
87;1292
87;1480
87;1486
88;35
88;57
88;86
88;113
88;116
88;161
88;406
88;417
88;567
88;627
88;933
89;130
89;183
89;236
89;674
89;950
89;1048
89;1299
89;1390
90;1130
90;1418
91;68
91;135
91;242
91;256
91;565
91;988
91;1224
91;1452
92;129
92;274
92;356
92;463
92;598
92;647
92;702
93;283
93;443
93;1474
94;101
94;162
94;306
94;594
94;934
94;1127
94;1401
94;1409
95;17
95;552
95;1249
96;91
96;330
96;462
96;509
96;739
96;903
96;1435
97;608
97;890
97;973
97;1184
97;1423
97;1459
98;224
98;364
98;677
98;770
98;1115
99;6
99;57
99;316
99;389
99;560
99;757
99;970
99;1098
99;1448
99;1496
100;24
100;101
100;321
100;540
100;742
100;1002
100;1153
100;1197
100;1318
100;1434
100;1449
101;291
101;812
101;831
101;1175
101;1199
102;315
102;464
102;567
102;1375
102;1445
102;1483
102;1490
103;14
103;39
103;139
103;190
103;197
103;354
103;533
103;703
103;1147
103;1370
104;161
104;334
104;478
104;901
104;963
104;1057
104;1148
104;1300
104;1302
104;1414
105;562
105;986
105;1023
105;1172
105;1382
106;221
106;417
106;453
106;784
106;1049
106;1345
107;121
107;206
107;630
107;733
107;814
107;1008
107;1150
107;1408
108;308
109;235
109;440
109;441
109;624
109;625
109;742
109;882
109;1396
109;1496
110;282
110;346
110;389
110;488
110;628
110;666
110;716
110;846
110;1163
110;1400
111;13
111;148
111;474
111;580
111;1165
111;1256
111;1350
112;78
112;89
112;424
112;498
112;635
112;729
112;768
112;879
112;1066
112;1240
112;1331
113;547
113;652
113;1195
113;1266
113;1355
113;1377
114;164
114;173
114;227
114;283
114;360
114;487
114;722
114;757
114;870
114;894
114;922
114;1097
114;1179
114;1334
114;1495
115;363
115;494
115;842
115;878
115;950
115;1286
115;1423
116;69
116;163
116;313
116;390
116;872
116;1021
116;1046
116;1180
117;47
117;61
117;171
117;252
117;517
117;692
117;1249
117;1299
117;1369
118;643
118;753
118;1002
118;1240
118;1278
119;18
119;109
119;122
119;339
119;503
119;732
119;739
119;898
119;906
119;969
119;1008
119;1179
119;1189
119;1205
119;1285
120;68
120;179
120;346
120;649
120;690
120;816
120;912
120;1163
120;1204
121;231
121;269
121;272
121;369
121;388
121;433
121;456
121;486
121;690
121;842
121;1264
121;1296
121;1339
121;1475
122;54
122;75
122;163
122;479
122;697
122;787
122;812
122;1063
122;1371
122;1378
123;509
123;606
123;792
123;943
123;996
123;1365
123;1430
124;66
124;549
124;739
124;819
124;1447
125;58
125;241
125;284
125;651
125;842
126;73
126;116
126;228
126;283
126;471
126;496
126;715
126;1275
126;1472
127;36
127;614
127;793
127;818
127;1021
127;1179
128;1037
129;289
129;318
129;418
129;450
129;635
129;870
129;920
129;1084
129;1446
130;51
130;325
130;560
130;1073
130;1287
130;1433
131;109
131;268
131;398
131;571
131;657
131;811
131;851
131;888
131;937
131;954
131;1314
131;1425
131;1451
132;20
132;744
132;766
132;993
133;13
133;132
133;160
133;255
133;483
133;760
133;1309
133;1377
133;1438
134;56
134;805
134;829
134;1080
134;1100
134;1116
134;1250
135;8
135;196
135;211
135;289
135;329
135;486
135;849
135;1067
135;1089
135;1285
135;1491
136;94
136;98
136;527
136;637
136;659
136;688
136;712
136;864
136;898
136;957
136;1135
136;1139
136;1211
136;1320
136;1385
136;1420
136;1481
137;32
137;47
137;91
137;230
137;308
137;764
137;798
137;1379
138;46
138;221
138;238
138;667
138;718
138;784
138;999
138;1167
138;1201
138;1277
139;115
139;259
139;542
139;666
139;828
139;940
139;1094
139;1450
140;651
140;1096
140;1145
140;1180
140;1263
141;9
141;515
141;841
141;927
141;997
141;1250
141;1337
141;1405
141;1434
142;156
142;278
142;348
142;378
142;736
142;1114
142;1154
142;1204
142;1217
142;1277
142;1315
143;81
143;144
143;243
143;258
143;689
143;735
143;999
143;1008
143;1042
143;1172
144;256
144;307
144;379
144;420
144;486
144;855
144;1020
144;1174
144;1340
144;1462
145;515
145;695
145;923
145;938
145;1029
145;1371
145;1384
145;1467
145;1486
146;190
146;239
146;373
146;416
146;432
146;966
146;1220
146;1238
147;77
147;122
147;163
147;578
147;599
147;811
147;1376
147;1393
148;28
148;37
148;118
148;161
148;333
148;1161
149;94
149;98
149;440
149;521
149;545
149;586
149;613
149;802
149;842
149;1330
150;212
150;238
150;382
150;490
150;579
150;924
150;1210
150;1280
150;1458
151;101
151;289
151;903
151;950
151;1108
151;1336
151;1363
152;239
152;251
152;765
152;899
153;273
153;311
153;403
153;518
153;599
153;628
153;645
153;770
153;773
153;853
153;911
153;929
153;965
153;1046
153;1364
154;46
154;91
154;479
154;555
154;822
154;844
154;1043
154;1155
154;1444
155;112
155;336
155;574
155;730
155;869
156;22
156;43
156;100
156;263
156;273
156;291
156;423
156;590
156;609
156;618
156;991
156;1141
157;118
157;141
157;145
157;336
157;785
157;1310
157;1326
158;137
158;810
158;1126
159;180
159;208
159;323
159;1377
160;271
160;479
160;1227
160;1252
160;1452
161;418
161;904
161;945
161;1087
161;1389
162;45
162;148
162;429
162;601
162;805
162;1009
162;1117
162;1296
162;1397
163;473
163;839
163;907
163;1022
164;31
164;234
164;652
164;1075
164;1281
164;1412
165;295
165;807
165;1091
165;1260
165;1320
165;1351
165;1435
166;62
166;135
166;164
166;624
166;1004
166;1142
167;16
167;592
167;880
167;947
167;1115
168;1
168;485
168;556
169;68
169;88
169;632
169;705
169;1096
169;1122
169;1161
169;1194
169;1244
169;1293
169;1327
170;421
170;662
170;1241
170;1349
170;1401
171;112
171;148
171;184
171;685
171;811
171;867
171;1135
171;1247
171;1332
172;180
172;236
172;509
172;744
172;830
172;970
172;1005
172;1124
172;1195
172;1462
173;58
173;257
173;605
173;1346
173;1366
174;501
174;738
174;903
174;931
174;951
174;1159
174;1219
174;1244
175;285
175;317
175;455
175;496
175;758
175;854
175;1012
175;1270
175;1447
176;170
176;652
176;807
176;881
176;1449
177;333
177;958
177;1052
177;1098
178;123
178;224
178;504
178;659
178;733
178;748
178;842
178;987
178;1072
178;1097
178;1177
178;1334
178;1387
179;214
179;431
179;480
179;511
179;623
179;640
179;723
180;166
180;244
180;267
180;524
180;863
180;1173
180;1456
180;1464
181;52
181;61
181;150
181;605
181;643
181;807
181;1010
181;1063
181;1360
181;1459
182;80
182;95
182;106
182;363
182;550
182;781
182;908
182;1388
182;1407
183;426
183;541
183;562
183;915
183;924
183;1255
184;96
184;210
184;440
184;1460
185;180
185;481
185;716
185;843
185;1077
185;1372
186;83
186;240
186;259
186;967
186;1164
187;236
187;674
187;787
187;1108
188;397
188;491
188;777
188;821
188;958
188;962
188;1150
188;1254
188;1321
188;1351
189;78
189;386
189;859
189;994
190;99
190;246
190;355
190;377
190;1202
190;1259
190;1267
191;63
191;86
191;307
191;389
191;846
191;1264
191;1414
191;1446
192;3
192;45
192;86
192;258
192;363
192;408
192;498
192;540
192;624
192;647
192;830
192;867
192;946
192;1207
193;208
193;315
193;390
193;476
193;602
193;627
193;754
193;1128
193;1262
194;91
194;271
194;359
194;500
194;798
194;898
194;1001
194;1201
195;228
195;373
195;377
195;382
195;619
195;719
195;737
195;862
195;1258
196;151
196;186
196;408
196;552
196;643
196;699
196;828
197;99
197;327
197;632
197;721
197;816
197;1350
197;1418
197;1453
198;38
198;120
198;124
198;600
198;653
198;964
199;405
199;743
199;832
199;1089
199;1265
199;1461
200;84
200;148
200;365
200;389
200;462
200;608
200;623
200;723
200;997
200;1237
201;615
201;644
202;263
202;343
202;447
202;457
202;577
202;1184
202;1436
203;351
203;502
203;871
203;1000
203;1410
203;1422
204;317
204;603
204;1044
204;1073
204;1074
204;1321
204;1407
205;170
205;285
205;358
205;520
205;647
205;669
205;932
205;1081
205;1232
205;1284
206;85
206;167
206;281
206;306
206;986
206;1062
206;1190
206;1239
206;1249
206;1336
207;160
207;248
207;289
207;298
207;329
207;660
207;772
207;878
207;1141
207;1150
208;412
208;457
208;819
208;1079
208;1147
208;1174
208;1230
208;1342
208;1438
209;182
209;439
209;563
209;835
210;78
210;392
210;1306
211;13
211;373
211;519
211;575
211;1247
211;1278
212;196
212;584
212;590
212;1087
213;5
213;369
213;465
213;529
213;825
213;884
213;1048
213;1194
213;1239
213;1427
214;131
214;179
214;317
214;425
214;482
214;644
214;804
214;1066
214;1286
215;126
215;128
215;892
215;1370
216;174
216;203
216;309
216;408
216;735
216;868
217;361
217;417
217;462
217;516
217;680
217;946
217;999
217;1237
217;1469
218;1078
219;86
219;649
219;897
219;1021
219;1027
219;1085
219;1410
220;96
220;385
220;429
220;535
220;687
220;734
220;948
220;1239
221;448
221;659
221;708
221;900
221;1053
221;1330
221;1470
222;370
222;513
222;731
222;1083
223;209
223;863
223;985
223;1119
223;1440
223;1487
224;567
224;905
224;1088
224;1127
224;1380
224;1483
225;218
225;996
225;1150
225;1212
225;1458
226;383
226;448
226;482
226;619
226;693
226;777
226;1497
227;76
227;126
227;318
227;320
227;428
227;753
227;985
227;1402
227;1444
227;1450
227;1453
228;10
228;667
228;1246
228;1283
228;1306
229;150
229;575
229;615
229;655
229;736
229;903
229;1184
229;1195
230;297
230;467
230;1112
230;1263
230;1320
231;326
231;583
231;723
231;899
231;1176
231;1385
232;198
232;545
232;661
232;772
232;881
232;911
232;920
232;971
232;1217
232;1275
232;1349
233;181
233;316
233;634
233;1019
233;1172
233;1255
234;309
234;349
234;465
234;756
234;1023
235;238
235;532
235;577
235;786
235;832
235;845
235;1033
235;1062
235;1247
235;1351
235;1374
236;2
236;226
236;274
236;363
236;893
236;1080
236;1182
237;69
237;75
237;131
237;225
237;559
237;689
237;904
237;1032
237;1469
238;129
238;275
238;276
238;552
238;877
238;1024
238;1489
238;1490
239;109
239;138
239;344
239;560
239;571
239;599
239;611
239;639
239;904
239;906
239;1083
239;1470
240;527
240;578
240;642
240;1164
241;42
241;312
241;369
241;513
241;588
241;647
241;741
241;838
241;865
241;984
241;1084
241;1324
241;1389
242;65
242;192
242;407
242;541
242;909
242;1002
242;1282
242;1457
243;6
243;22
243;92
243;110
243;121
243;237
243;295
243;531
243;936
243;1106
243;1133
243;1425
243;1447
244;203
244;726
244;812
244;842
244;961
244;1049
244;1165
244;1213
245;238
245;359
245;378
245;579
245;1079
245;1317
245;1449
246;82
246;147
246;191
246;533
246;596
246;602
246;793
246;820
246;1048
246;1240
246;1270
246;1489
247;80
247;136
247;360
247;610
247;845
247;1089
247;1107
247;1250
247;1360
248;480
248;507
248;586
248;637
248;791
248;832
248;1021
248;1048
248;1058
248;1299
248;1386
248;1448
248;1489
249;185
249;215
249;605
249;798
249;843
249;1404
249;1449
249;1470
249;1495
250;68
250;387
250;530
250;541
250;560
250;956
250;989
250;1021
250;1176
250;1357
251;1177
251;1214
251;1485
251;1496
252;103
252;254
252;322
252;471
252;681
252;816
252;862
252;923
252;1029
252;1043
252;1134
252;1150
252;1445
252;1484
253;25
253;612
253;1422
253;1423
254;3
254;8
254;189
254;206
254;286
254;398
254;412
254;529
254;995
254;1044
254;1281
254;1427
255;228
255;359
255;1191
255;1278
255;1383
256;5
256;58
256;122
256;345
256;352
256;581
256;703
256;822
256;1095
256;1106
257;62
257;127
257;180
257;309
257;330
257;362
257;422
257;576
257;652
257;660
257;1071
257;1162
257;1182
257;1432
258;94
258;668
258;1165
258;1184
258;1359
259;132
259;340
259;491
259;506
259;557
259;1233
259;1332
259;1463
260;782
260;997
260;1068
260;1357
261;12
261;367
261;377
261;436
261;713
261;1337
262;118
262;168
262;213
262;595
262;620
263;167
263;200
263;820
263;822
263;957
263;1191
263;1431
264;18
264;206
264;235
264;302
264;322
264;365
264;948
264;1076
264;1357
265;83
265;131
265;214
265;306
265;610
265;675
265;936
265;1030
265;1071
265;1280
265;1415
266;696
266;701
266;775
266;1486
267;168
267;500
267;636
267;664
267;1165
267;1255
268;55
268;159
268;468
268;534
268;770
268;843
268;1314
269;239
269;263
269;342
269;357
269;735
269;802
269;967
269;1336
269;1404
270;3
270;88
270;171
270;445
270;510
270;586
270;866
270;885
270;908
270;1094
270;1442
271;1
271;312
271;427
271;790
271;906
271;1112
271;1261
271;1364
271;1473
272;195
272;1161
273;307
273;459
273;617
273;956
273;1034
273;1138
273;1265
274;411
274;519
274;585
274;747
274;919
274;1188
274;1489
275;199
275;233
275;948
275;1019
275;1094
275;1386
276;182
276;215
276;389
276;601
276;952
276;1384
277;347
277;656
277;702
278;89
278;304
278;342
278;569
278;684
278;1497
279;29
279;89
279;566
279;654
279;890
279;918
279;1187
279;1469
279;1480
279;1486
280;62
280;94
280;119
280;1054
280;1078
280;1125
280;1367
281;122
281;202
281;358
281;498
281;548
281;570
281;1064
282;91
282;124
282;903
282;993
282;1026
282;1140
282;1202
282;1220
282;1232
282;1413
282;1429
283;154
283;165
283;296
283;429
283;630
283;636
283;1098
283;1221
283;1313
283;1351
283;1390
284;153
284;391
284;489
284;588
284;945
284;1299
284;1309
284;1399
285;44
285;1200
286;137
286;328
286;428
286;457
286;496
286;603
286;728
286;982
286;1215
286;1362
286;1491
287;18
287;206
287;1465
288;18
288;76
288;416
288;641
288;858
288;1099
288;1265
289;142
289;182
289;207
289;343
289;506
289;561
289;726
289;1114
289;1169
289;1193
289;1283
290;55
290;206
290;311
290;317
290;344
290;498
290;583
290;595
290;789
290;824
290;867
290;984
290;1190
290;1194
291;385
291;750
291;1462
292;344
292;649
292;715
292;1297
292;1402
292;1457
293;440
293;554
293;1024
293;1162
293;1325
293;1344
294;200
294;208
294;408
294;787
294;1013
294;1195
295;146
295;150
295;441
295;469
295;592
295;654
295;987
295;1077
295;1226
296;221
296;372
296;432
296;493
296;647
296;782
296;802
296;866
296;1292
296;1334
297;101
297;350
297;610
297;693
297;794
297;834
297;842
297;941
297;945
297;1122
297;1322
298;138
298;175
298;190
298;316
298;406
298;424
298;442
298;671
298;1488
299;422
299;538
300;249
300;253
300;936
300;1412
301;96
301;295
301;328
301;353
301;680
301;734
301;1148
302;411
302;510
302;576
302;673
302;737
302;759
302;803
302;955
302;1020
302;1116
302;1208
302;1299
303;260
303;782
303;841
303;1448
304;99
304;155
304;399
304;793
304;1259
305;174
305;475
305;590
305;872
305;1280
305;1437
306;505
306;598
306;690
307;0
307;80
307;309
307;1075
307;1301
307;1442
308;508
308;685
308;691
308;803
308;844
308;862
309;54
309;242
309;271
309;381
309;437
309;1101
309;1317
309;1417
309;1447
310;32
310;117
310;245
310;293
310;312
310;465
310;731
310;765
310;878
310;950
311;183
311;432
311;461
311;510
311;644
311;709
311;773
311;833
311;1068
311;1118
311;1327
312;264
312;425
312;454
312;580
312;726
312;1398
312;1416
313;79
313;225
313;303
313;538
313;881
313;946
313;1256
313;1274
313;1329
313;1345
314;211
314;468
314;556
314;590
314;777
314;841
314;1008
314;1113
314;1447
315;52
315;307
315;340
315;623
315;669
315;755
315;850
315;1137
316;33
316;40
316;133
316;159
316;446
316;599
316;626
316;684
316;981
316;1026
316;1078
316;1300
317;167
317;486
317;524
317;701
317;702
317;1156
317;1173
317;1176
318;45
318;289
318;408
318;667
318;820
318;1235
318;1456
319;101
319;110
319;551
319;597
319;618
319;781
319;823
319;967
319;1100
319;1352
319;1380
319;1423
320;547
320;847
320;1048
320;1068
320;1075
320;1094
320;1128
320;1444
320;1486
321;233
321;255
321;448
321;988
321;1367
321;1441
322;481
322;788
322;796
322;842
322;1003
322;1054
322;1118
322;1418
322;1419
323;23
323;340
323;440
323;508
323;607
323;809
323;894
323;1234
323;1315
323;1424
324;503
324;594
324;633
324;832
324;1094
324;1243
324;1389
324;1466
324;1486
325;741
325;1272
325;1279
325;1286
326;51
326;484
326;545
326;607
326;759
326;907
327;123
327;185
327;218
327;535
327;579
327;756
327;758
327;1082
327;1243
328;85
328;206
328;287
328;391
328;403
328;749
328;1097
328;1233
329;223
329;470
329;627
329;694
329;748
329;766
329;857
329;1163
329;1329
330;210
330;366
330;399
330;579
330;813
330;1050
331;45
331;273
331;391
331;492
332;535
332;1111
332;1159
332;1286
332;1308
333;35
333;302
333;469
333;594
333;725
333;804
333;1227
333;1448
333;1468
334;16
334;288
334;418
334;440
334;513
334;908
334;1095
334;1400
334;1428
335;199
335;203
335;512
335;607
335;727
335;1385
335;1444
336;356
336;468
336;566
336;938
336;939
336;996
336;1060
336;1259
336;1447
337;38
337;572
337;625
337;1065
337;1121
337;1456
338;27
338;144
338;201
338;214
338;282
338;284
338;465
338;524
338;1247
338;1337
339;149
339;170
339;268
339;726
339;783
339;919
339;989
339;1009
339;1042
339;1050
339;1313
339;1353
339;1400
339;1498
340;315
340;507
340;588
340;884
340;971
340;1220
340;1292
340;1470
341;126
341;477
341;484
341;1090
341;1095
341;1103
341;1239
341;1244
341;1380
342;161
342;229
342;1090
342;1175
342;1264
342;1481
343;72
343;198
343;302
343;602
343;666
343;715
343;836
343;1062
343;1207
343;1463
344;14
344;34
344;78
344;289
344;1286
345;134
345;284
345;373
345;403
345;474
345;619
345;877
345;1029
345;1381
345;1449
346;374
346;466
346;481
346;1009
346;1171
347;287
347;321
347;361
347;520
347;532
347;877
347;923
347;934
347;1108
347;1214
348;531
348;632
348;779
348;930
348;999
348;1218
349;62
349;132
349;200
349;249
349;338
349;350
349;466
349;676
349;713
349;721
349;827
349;1446
350;157
350;206
350;524
350;541
350;1089
350;1130
350;1309
350;1467
351;150
351;252
351;349
351;472
351;625
351;819
351;1096
351;1114
351;1168
351;1199
351;1480
352;381
352;668
352;979
352;1224
353;155
353;174
353;935
353;939
353;1455
354;266
354;281
354;295
354;393
354;640
354;715
354;747
354;778
354;1025
354;1240
354;1366
355;109
355;512
356;212
356;238
356;308
356;776
356;798
356;959
356;1136
357;31
357;307
357;582
357;1010
357;1033
358;196
358;278
358;282
358;731
358;775
358;1156
358;1229
358;1489
359;15
359;67
359;99
359;100
359;247
359;1353
359;1466
359;1495
360;115
360;157
360;278
360;665
360;763
360;860
360;946
360;994
360;1123
360;1173
360;1426
360;1481
361;16
361;26
361;94
361;437
361;460
361;470
361;640
361;679
361;1022
361;1143
361;1289
361;1372
362;434
362;800
362;1339
363;2
363;284
363;461
363;636
363;996
363;1207
363;1214
363;1294
363;1426
364;116
364;252
364;257
364;397
364;480
364;552
364;1331
365;873
365;898
365;983
365;1282
365;1307
365;1359
366;74
366;220
366;475
366;669
366;1168
366;1260
366;1388
366;1477
367;101
367;207
367;318
367;370
367;413
367;606
367;614
367;633
367;957
367;1257
367;1301
368;619
368;638
368;880
368;1065
368;1079
369;255
369;295
369;711
369;797
369;1443
370;353
370;1152
370;1184
370;1225
370;1247
370;1369
370;1487
371;63
371;200
371;374
371;512
371;770
371;812
371;972
371;1154
371;1459
371;1484
372;70
372;452
372;736
372;1232
372;1334
372;1390
373;53
373;85
373;184
373;296
373;344
373;480
373;550
373;862
373;880
373;925
373;1167
373;1456
374;311
374;646
374;667
374;1156
374;1474
375;129
375;265
375;476
375;633
375;788
375;800
375;915
375;1120
375;1481
376;92
376;163
376;171
376;334
376;467
376;613
376;896
376;999
376;1278
376;1375
376;1376
376;1495
376;1497
377;85
377;247
377;320
377;792
377;1205
377;1484
378;552
378;558
378;941
378;1015
378;1103
378;1462
379;226
379;286
379;390
379;829
379;1213
379;1340
380;14
380;260
380;1040
380;1167
381;36
381;117
381;671
381;936
381;979
381;990
381;1004
381;1100
381;1150
381;1212
381;1394
381;1499
382;232
382;330
382;389
382;615
382;748
382;1116
383;106
383;146
383;345
383;477
383;576
383;671
383;749
383;764
383;933
383;1465
384;0
384;32
384;269
384;608
384;742
384;762
384;1367
385;194
385;599
385;741
385;902
385;1075
385;1409
386;336
386;368
386;669
386;684
386;767
386;862
386;969
386;988
386;1329
386;1432
387;42
387;75
387;177
387;194
387;642
387;741
387;1037
387;1119
388;170
388;362
388;548
388;766
388;1011
388;1093
388;1315
388;1449
389;124
389;437
389;626
389;855
389;879
389;1057
390;214
390;1004
390;1256
391;221
391;297
391;324
391;419
391;518
391;1018
391;1116
391;1299
391;1328
392;176
392;410
392;837
392;854
392;1060
392;1065
392;1096
393;328
393;429
393;642
393;832
393;865
393;989
393;1391
394;69
394;281
394;290
394;482
394;883
394;887
394;899
394;1270
394;1329
395;328
395;755
395;823
395;899
395;902
395;1342
396;137
396;401
396;826
396;1174
397;112
397;480
397;784
397;1264
398;309
398;651
398;720
398;945
398;1270
398;1366
399;64
399;101
399;334
399;679
399;682
399;731
399;904
399;980
399;1209
399;1386
400;265
400;661
400;761
400;891
400;1091
400;1130
401;125
401;430
401;865
401;1455
402;82
402;270
402;272
402;441
402;630
402;856
402;908
403;308
403;339
403;351
403;439
403;853
403;986
404;790
404;847
404;1104
404;1236
404;1262
404;1325
404;1326
404;1404
404;1493
405;53
405;98
405;167
405;214
405;525
405;925
405;969
405;1066
405;1165
405;1265
405;1404
406;138
406;400
406;775
406;836
406;1008
406;1248
406;1410
407;83
407;367
407;403
407;576
407;754
407;809
407;1166
408;64
408;92
408;185
408;388
408;844
408;985
408;1186
408;1388
409;42
409;110
409;306
409;487
409;659
409;660
409;1006
409;1061
409;1294
409;1313
409;1454
410;265
410;427
410;642
410;651
410;700
410;778
410;1075
410;1145
410;1245
410;1260
411;388
411;399
411;542
411;660
411;872
412;86
412;152
412;425
412;1010
413;87
413;247
413;315
413;439
413;585
413;1406
414;185
414;350
414;453
414;660
414;913
414;1051
415;192
415;582
415;910
415;1138
415;1387
416;980
416;1205
417;569
417;689
417;1032
417;1173
417;1258
418;16
418;157
418;409
418;618
418;784
418;911
418;992
419;157
419;301
419;348
419;472
419;487
419;560
419;698
419;1389
419;1480
420;378
420;446
420;697
420;767
420;932
420;1034
420;1083
420;1263
420;1317
420;1445
421;103
421;348
421;358
421;371
421;600
421;724
421;727
421;1159
421;1191
421;1439
422;14
422;267
422;608
422;826
422;1030
423;52
423;386
423;716
423;921
423;927
423;973
423;1078
423;1357
423;1495
424;180
424;307
424;548
424;573
424;627
424;664
424;692
424;728
424;1129
424;1207
424;1254
425;65
425;108
425;502
425;902
425;1347
425;1453
426;24
426;128
426;168
426;237
426;402
426;537
426;722
426;739
426;1013
427;203
427;340
427;450
427;539
427;879
427;981
427;1112
428;62
428;171
428;465
428;934
428;1204
428;1386
429;291
429;379
429;433
429;611
429;628
429;1294
429;1302
430;231
430;1295
431;101
431;419
431;578
431;757
431;1137
431;1223
431;1335
431;1348
432;91
432;318
432;650
432;684
432;885
432;928
432;1230
433;663
433;982
433;1076
433;1451
434;439
434;868
434;993
434;1064
434;1085
434;1211
435;70
435;203
435;343
435;649
435;757
435;839
435;1277
435;1493
436;196
436;333
436;462
436;548
436;669
436;871
436;873
436;1195
436;1249
436;1360
436;1449
437;323
437;554
437;1205
437;1432
438;23
438;173
438;239
438;269
438;532
438;843
438;1253
438;1273
438;1444
439;50
439;700
439;799
439;968
439;1010
439;1095
440;278
440;390
440;719
440;953
440;1129
440;1180
440;1489
441;0
441;61
441;517
441;571
441;616
441;779
441;1061
441;1306
441;1397
441;1444
442;160
442;469
442;664
442;803
442;903
442;938
442;1028
442;1155
442;1203
442;1283
442;1352
443;15
443;330
443;451
443;816
443;818
443;819
443;932
443;968
444;365
444;1363
444;1447
445;137
445;529
445;687
445;737
445;974
445;1309
445;1385
445;1402
445;1414
445;1443
446;68
446;103
446;257
446;376
446;457
446;890
446;923
446;1171
446;1244
446;1467
447;313
447;768
447;818
447;1337
448;96
448;925
448;1312
448;1458
449;145
449;443
449;666
449;838
449;1277
450;55
450;106
450;214
450;299
450;348
450;491
450;580
450;1370
451;379
451;674
451;871
451;949
451;1018
451;1150
451;1404
451;1423
452;242
452;375
452;1041
453;159
453;187
453;189
453;227
453;454
453;489
453;1252
453;1422
454;95
454;194
454;1333
454;1359
454;1400
454;1423
455;256
455;280
455;516
455;842
455;843
455;916
455;978
455;1015
455;1266
456;23
456;131
456;569
456;594
456;888
456;1292
456;1408
457;164
457;237
457;337
457;412
457;479
457;964
457;1065
458;69
458;141
458;323
458;462
458;956
458;1385
458;1415
459;5
459;56
459;598
459;1319
459;1375
459;1432
460;170
460;617
460;664
460;689
460;757
460;1187
460;1329
461;247
461;346
461;427
461;434
461;804
461;1157
461;1295
461;1483
462;157
462;508
462;509
462;597
462;942
462;1355
462;1398
462;1480
463;47
463;117
463;172
463;327
463;350
463;364
463;428
463;496
463;576
463;713
463;786
463;858
463;881
463;957
463;1238
464;13
464;256
464;404
464;724
464;781
464;792
464;845
464;1314
464;1331
465;49
465;62
465;102
465;1010
465;1015
465;1441
466;88
466;234
466;344
466;537
466;555
466;556
466;676
466;897
466;921
466;1220
466;1319
467;147
467;657
467;812
467;1056
467;1187
467;1217
467;1233
467;1289
467;1439
468;169
468;780
468;997
468;1103
469;116
469;365
469;822
469;894
469;1063
469;1488
470;87
470;135
470;756
470;851
470;904
470;998
470;1306
471;293
471;393
471;403
471;883
471;1238
471;1304
471;1310
471;1412
471;1473
472;66
472;286
472;477
472;775
472;991
472;1036
472;1183
472;1354
473;133
473;618
473;974
474;58
474;342
474;349
474;948
474;987
474;1104
475;341
475;435
475;462
475;523
475;579
475;817
475;883
475;1098
475;1269
475;1335
475;1426
476;262
476;726
476;761
476;807
476;862
476;1088
476;1241
476;1301
476;1496
477;166
477;371
477;531
477;949
477;1030
477;1108
477;1173
477;1283
477;1406
478;144
478;714
478;981
478;1017
478;1129
478;1276
478;1402
479;174
479;725
479;902
479;1380
480;71
480;109
480;445
480;724
480;945
480;1203
481;125
481;259
481;439
481;552
481;740
481;1134
482;168
482;576
482;582
482;584
482;716
482;746
482;994
483;433
483;720
483;732
483;832
483;896
483;935
483;1003
483;1256
484;29
484;162
484;461
484;834
484;881
484;895
484;979
484;1274
485;242
485;337
485;409
485;1084
485;1100
485;1357
486;159
486;306
486;620
486;623
486;673
486;1057
486;1201
487;59
487;382
487;436
487;443
487;686
487;762
487;1108
487;1215
487;1301
487;1427
488;13
488;36
488;98
488;290
488;602
488;1115
488;1253
488;1349
489;94
489;187
489;639
489;672
489;755
489;828
489;1061
490;54
490;237
490;280
490;809
490;838
490;1054
490;1127
490;1210
490;1351
491;447
491;465
491;627
491;1008
491;1370
491;1434
491;1474
492;70
492;748
492;882
492;1183
492;1239
492;1252
493;340
493;590
493;755
493;1027
493;1109
493;1215
493;1253
493;1339
493;1373
493;1418
494;1045
494;1498
495;771
495;1033
495;1182
495;1360
496;581
496;715
496;936
496;1172
496;1189
496;1490
497;26
497;265
497;379
497;486
497;580
497;971
497;981
497;1219
497;1240
497;1348
497;1492
498;162
498;178
498;246
498;292
498;499
498;791
498;794
498;907
498;1250
498;1457
499;46
499;316
499;471
499;570
499;676
499;998
499;1054
499;1150
499;1486
500;72
500;83
500;101
500;180
500;350
500;857
500;956
500;1484
501;40
501;121
501;313
501;407
501;546
501;677
501;781
501;784
501;791
502;43
502;147
502;366
502;1157
502;1335
503;159
503;240
503;528
503;1065
503;1468
504;2
504;73
504;124
504;818
504;1258
504;1328
505;10
505;129
505;287
505;311
505;549
505;685
505;716
505;744
505;766
505;828
505;1096
505;1211
506;129
506;554
506;581
506;742
506;790
506;916
506;1128
506;1151
506;1226
506;1440
507;7
507;112
507;351
507;372
507;501
507;597
507;635
507;685
507;692
507;924
507;961
507;1095
507;1235
507;1381
507;1382
508;45
508;368
508;477
508;500
508;682
508;1170
508;1261
509;196
509;468
509;662
509;716
509;724
509;820
509;1373
510;32
510;192
510;379
510;811
510;970
510;1138
510;1437
510;1488
511;9
511;124
511;151
511;246
511;561
511;960
511;1317
511;1321
511;1349
512;49
512;351
512;466
512;468
512;495
512;1390
512;1496
513;256
513;358
513;495
513;523
513;560
513;1008
513;1061
514;57
514;58
514;91
514;176
514;624
514;651
514;1431
515;225
515;660
515;752
515;875
515;906
515;1051
515;1179
515;1216
516;83
516;133
516;144
516;791
516;866
516;1208
516;1250
517;29
517;251
517;252
517;460
517;499
517;675
517;894
517;999
517;1001
518;1
518;19
518;36
518;46
518;130
518;194
518;363
518;471
518;505
518;1074
518;1410
519;77
519;216
519;390
519;469
519;528
519;593
519;670
519;780
519;871
519;957
519;1442
519;1446
520;9
520;524
520;556
520;635
520;975
520;1147
520;1328
520;1390
521;255
521;309
521;743
521;746
521;752
521;1401
522;62
522;226
522;354
522;714
522;866
522;913
522;915
523;340
523;529
523;571
523;1149
523;1274
523;1408
523;1447
524;298
524;983
524;1004
524;1057
524;1078
524;1187
524;1409
524;1411
524;1432
525;225
525;603
525;1395
525;1412
526;160
526;364
526;459
526;545
526;617
526;735
526;906
526;1187
526;1277
526;1289
526;1346
526;1362
526;1377
527;300
527;407
527;595
527;1219
527;1263
527;1384
527;1445
528;256
528;1497
529;66
529;337
529;497
529;946
529;1044
529;1045
529;1256
530;382
530;503
530;1303
530;1413
531;266
531;427
531;712
531;882
531;1163
531;1403
532;520
532;727
532;831
532;918
532;1131
532;1138
533;19
533;88
533;195
533;270
533;414
533;423
533;639
533;725
533;958
533;1056
533;1357
533;1448
534;320
534;572
534;885
534;1030
534;1451
534;1487
535;620
535;917
535;1292
535;1297
536;6
536;195
536;207
536;259
536;537
536;673
536;999
536;1037
536;1108
536;1437
537;284
537;472
537;573
537;757
537;857
537;859
537;973
537;985
537;1147
537;1447
538;40
538;277
538;284
538;363
538;388
538;467
538;683
538;790
538;892
538;1021
539;679
539;964
539;995
539;1046
539;1168
539;1281
540;111
540;326
540;609
540;636
540;706
540;880
540;904
540;936
540;1031
540;1123
540;1233
541;523
541;735
541;1126
541;1241
541;1445
542;42
542;254
542;427
542;493
542;617
542;843
542;1130
542;1132
542;1244
542;1261
542;1286
543;29
543;218
543;493
543;923
543;988
543;1199
543;1360
544;461
544;908
544;1015
544;1164
544;1310
545;43
545;284
545;462
545;502
545;978
545;1083
545;1296
545;1376
546;120
546;182
546;271
546;320
546;406
546;436
546;469
546;541
546;637
546;1054
546;1211
547;40
547;186
547;837
547;1096
547;1212
547;1289
547;1393
548;89
548;214
548;268
548;328
548;693
548;1005
548;1368
548;1396
548;1440
549;68
549;434
549;809
549;881
550;25
550;352
550;432
550;481
550;556
550;603
550;641
550;847
550;924
550;1171
550;1276
551;243
551;277
551;349
551;872
551;1020
551;1493
552;113
552;263
552;485
552;521
552;671
552;1031
552;1080
552;1099
553;372
553;473
553;842
553;1026
553;1041
553;1143
553;1379
554;24
554;244
554;449
554;518
554;521
554;741
554;945
554;1211
554;1231
554;1321
554;1373
554;1443
554;1470
554;1476
555;89
555;92
555;231
555;477
555;738
555;882
555;999
555;1034
555;1135
555;1354
556;232
556;288
556;667
556;1079
556;1409
556;1414
557;358
557;412
557;519
557;563
557;837
557;915
557;935
557;1160
557;1341
557;1457
558;144
558;396
558;746
558;977
558;1042
558;1052
558;1056
558;1193
558;1499
559;35
559;67
559;429
559;457
559;680
559;797
559;1229
559;1291
559;1342
560;674
560;736
561;126
561;402
561;881
561;1083
561;1097
561;1131
561;1280
561;1339
561;1341
562;328
562;750
562;804
562;1248
563;41
563;87
563;255
563;766
563;851
563;862
563;1166
563;1459
564;252
564;891
564;1048
564;1142
564;1143
565;18
565;241
565;326
565;743
565;792
565;813
565;861
565;1486
566;449
566;499
566;669
566;815
566;1189
567;170
567;193
567;217
567;330
567;569
567;737
567;909
567;1168
567;1362
567;1464
568;4
568;25
568;81
568;109
568;234
568;767
568;798
568;839
568;1132
568;1187
569;113
569;134
569;508
569;554
569;866
569;964
569;1094
569;1197
569;1225
569;1496
570;43
570;160
570;448
570;616
570;730
570;933
570;1169
570;1243
570;1286
570;1475
571;446
571;503
571;569
571;601
571;930
571;1226
571;1280
571;1456
572;679
572;1124
572;1269
572;1382
573;94
573;195
573;199
573;386
573;550
573;626
573;672
573;718
573;859
573;1030
573;1074
573;1283
573;1290
573;1333
573;1421
573;1449
574;162
574;392
574;730
574;1403
575;124
575;162
575;340
575;477
575;535
575;685
575;854
575;882
575;995
575;1064
575;1173
575;1493
576;95
576;206
576;299
576;447
576;572
576;762
576;984
576;1051
577;142
577;190
577;248
577;520
577;685
577;1003
577;1206
577;1326
577;1417
578;4
578;205
578;478
578;525
578;658
578;1063
578;1151
578;1291
579;178
579;737
579;766
579;1073
579;1128
580;134
580;168
580;460
580;969
580;1012
580;1376
581;231
581;272
581;648
581;651
581;821
581;959
581;1044
582;103
582;322
582;554
582;570
582;583
582;732
582;846
582;1011
582;1236
582;1248
583;154
583;156
583;185
583;335
583;664
583;702
583;753
583;1207
584;706
584;710
584;848
584;1113
584;1224
585;484
585;581
585;767
585;779
585;853
585;924
585;925
585;1021
586;208
586;353
586;354
586;403
586;644
586;721
586;744
586;961
586;1136
586;1406
587;138
587;146
587;775
587;987
587;1011
587;1023
587;1170
587;1271
587;1273
587;1368
588;137
588;228
588;388
588;398
588;567
588;820
588;975
588;1066
588;1439
588;1486
589;556
589;875
589;1131
589;1262
589;1267
589;1440
590;592
590;1204
590;1328
590;1346
590;1430
590;1493
591;111
591;280
591;617
591;623
591;629
591;721
591;869
591;1228
591;1301
592;243
592;448
592;554
592;566
592;686
592;884
592;1117
592;1358
593;69
593;462
593;682
593;835
593;960
593;1029
594;124
594;412
594;486
594;1099
594;1103
594;1140
594;1350
595;299
595;498
595;681
595;805
595;1186
596;466
596;517
596;561
596;584
596;760
597;8
597;843
597;1261
598;220
598;1257
598;1432
599;568
599;1085
600;9
600;209
600;248
600;270
600;1088
600;1226
601;294
601;399
601;753
602;63
602;112
602;146
602;150
602;297
602;417
602;675
602;855
602;958
602;1315
602;1321
602;1462
603;384
603;418
603;785
603;1099
603;1344
603;1460
604;459
604;560
604;688
604;764
605;92
605;113
605;205
605;452
605;549
605;889
605;1423
606;83
606;89
606;280
606;321
606;435
606;501
606;641
606;902
606;946
606;1209
606;1261
606;1449
607;43
607;220
607;804
607;980
607;1023
608;23
608;617
608;637
608;984
608;1027
608;1279
608;1487
609;664
609;931
609;1142
610;384
610;424
610;468
610;675
610;708
610;727
610;858
610;979
610;1185
611;32
611;146
611;176
611;290
611;556
611;895
611;1198
611;1430
612;203
612;472
612;499
612;1084
612;1097
612;1148
612;1268
612;1425
613;206
613;262
613;325
613;327
613;374
613;590
613;651
613;854
613;918
613;1413
613;1422
613;1431
614;435
614;550
614;1026
614;1230
614;1354
614;1400
615;450
615;560
615;803
615;851
615;1193
616;87
616;89
616;174
616;253
616;345
616;355
616;431
616;567
616;921
616;1176
617;379
617;380
617;408
617;432
617;583
617;801
617;1104
617;1296
617;1349
617;1363
618;161
618;184
618;245
618;342
618;463
618;837
618;974
618;1184
618;1438
619;127
619;434
619;527
619;587
619;798
619;1055
619;1226
619;1271
619;1400
620;318
620;472
620;546
620;845
620;951
620;1015
620;1029
620;1311
621;189
621;427
621;612
621;672
621;1190
621;1233
621;1269
621;1351
622;24
622;89
622;168
622;568
622;655
622;989
622;1339
623;9
623;43
623;313
623;607
623;815
623;998
623;1043
623;1053
623;1265
624;18
624;274
624;320
624;358
624;761
625;15
625;138
625;273
625;317
625;859
625;1008
625;1276
626;465
626;557
626;596
626;873
626;986
626;1007
627;132
627;508
627;606
627;757
627;765
627;829
627;1130
627;1193
627;1284
628;126
628;328
628;460
628;1016
628;1027
628;1075
628;1085
629;94
629;337
629;409
629;645
629;656
629;1245
629;1307
629;1311
629;1323
629;1418
630;90
630;385
630;597
630;657
630;869
630;1419
631;25
631;71
631;135
631;214
631;323
631;373
631;409
631;657
631;986
631;1023
632;129
632;358
632;374
632;509
632;604
632;773
632;904
633;181
633;204
633;282
633;747
633;843
633;993
633;1400
634;132
634;305
634;439
634;705
634;726
634;936
634;1218
635;168
635;400
635;544
635;913
635;921
635;1057
635;1132
635;1330
636;81
636;99
636;145
636;340
636;438
636;606
636;949
636;974
636;1479
637;430
637;484
637;550
637;654
637;846
637;948
637;1076
637;1263
637;1313
637;1375
638;59
638;430
638;526
638;640
638;1194
638;1205
638;1230
638;1249
638;1305
638;1405
639;2
639;122
639;280
639;403
639;602
639;1047
639;1325
639;1397
639;1436
640;47
640;61
640;498
640;1030
640;1178
640;1488
641;69
641;366
641;392
641;688
641;1120
642;248
642;278
642;484
642;789
642;853
642;1053
642;1184
643;77
643;262
643;494
643;568
643;1047
643;1262
643;1488
644;58
644;335
644;390
644;657
644;953
644;1008
644;1127
644;1221
645;103
645;119
645;765
645;892
645;927
645;955
645;1394
646;154
646;429
646;448
646;525
646;618
646;814
646;838
646;1134
646;1213
646;1234
647;140
647;397
647;408
647;636
647;705
647;1072
647;1093
647;1150
648;190
648;200
648;649
648;945
648;1009
649;308
649;572
649;1170
649;1331
649;1446
650;808
650;1050
650;1432
650;1470
650;1471
650;1494
651;71
651;141
651;474
651;760
651;809
651;1200
651;1298
652;191
652;425
652;835
652;884
652;1021
652;1086
652;1224
653;48
653;374
653;402
653;634
653;677
653;688
653;1010
653;1014
653;1215
653;1426
653;1485
653;1486
654;68
654;182
654;514
654;567
654;708
654;952
654;1098
654;1258
654;1267
655;54
655;60
655;283
655;399
655;760
655;913
655;1155
656;65
656;253
656;498
656;699
656;1373
657;447
657;593
657;705
657;713
657;767
657;825
657;831
657;1119
657;1437
658;53
658;242
658;262
658;357
658;547
658;1036
658;1169
658;1320
658;1487
659;293
659;431
659;888
659;1134
659;1137
659;1250
659;1306
660;375
660;414
660;449
660;591
660;671
660;999
660;1226
660;1262
660;1387
661;279
661;394
661;415
661;458
661;1249
662;226
662;841
662;857
662;941
662;1026
662;1074
662;1148
662;1154
662;1269
663;198
663;294
663;627
663;824
663;848
663;864
663;1107
663;1120
663;1234
663;1274
663;1431
664;169
664;474
664;692
664;715
664;840
664;1078
664;1135
664;1261
664;1488
665;129
665;308
665;523
665;574
665;842
665;914
665;982
665;1038
665;1446
666;524
666;575
666;1033
666;1227
666;1368
667;141
667;237
667;327
667;342
667;363
667;529
667;1151
667;1158
667;1216
667;1247
668;215
668;254
668;265
668;380
668;611
668;690
668;800
668;1270
669;42
669;334
669;445
669;453
669;488
669;543
669;1093
670;196
670;682
670;697
670;856
670;1075
670;1489
671;10
671;220
671;255
671;395
671;543
671;632
671;712
671;809
671;1096
672;161
672;309
672;549
672;674
672;823
673;19
673;117
673;330
673;674
673;947
673;1048
674;84
674;249
674;368
674;1029
674;1063
674;1286
674;1294
675;340
675;393
675;963
675;1081
676;55
676;268
676;318
676;526
676;529
676;581
676;670
676;693
676;1170
676;1184
676;1193
676;1237
677;103
677;453
677;611
677;945
677;1013
678;306
678;353
678;542
678;964
678;1040
678;1210
678;1331
678;1432
679;587
679;626
679;1081
679;1098
680;253
680;328
680;658
680;733
680;774
680;1070
680;1080
680;1296
680;1412
680;1423
681;352
681;961
681;1110
681;1130
681;1131
681;1140
681;1218
681;1481
682;352
682;460
682;485
682;611
682;781
682;1354
682;1411
683;149
683;274
683;747
683;1057
684;44
684;189
684;440
684;593
684;648
684;739
684;909
684;1368
684;1436
685;227
685;260
685;313
685;469
685;782
685;968
685;1199
685;1411
686;160
686;341
686;525
686;626
686;946
686;1266
686;1313
686;1422
686;1448
686;1476
687;237
687;247
687;357
687;449
687;906
688;15
688;435
688;570
688;894
688;1336
688;1390
688;1408
688;1442
688;1497
689;52
689;240
689;270
689;981
689;1056
689;1351
689;1380
690;53
690;596
690;729
690;767
690;1141
690;1188
690;1494
691;299
691;640
691;755
691;763
691;971
691;1295
691;1301
691;1413
692;43
692;171
692;313
692;316
692;412
692;434
692;573
692;604
692;781
692;923
692;935
692;1071
692;1235
692;1251
692;1410
693;83
693;148
693;275
693;371
693;385
693;461
693;570
693;686
693;1105
693;1152
693;1248
693;1282
693;1387
694;92
694;483
694;699
694;711
694;884
694;1090
694;1221
694;1255
694;1298
695;375
695;513
695;707
695;1331
695;1339
696;180
696;933
696;1039
696;1192
696;1230
696;1277
696;1383
697;718
697;737
697;956
698;51
698;75
698;433
698;639
698;848
698;855
698;932
699;80
699;87
699;1116
699;1407
700;430
700;566
700;773
700;1098
700;1250
700;1270
700;1314
701;463
701;523
701;1076
701;1117
702;949
702;1059
702;1184
702;1200
702;1373
702;1424
702;1490
703;116
703;122
703;713
703;858
703;908
703;966
703;1221
703;1231
704;227
704;245
704;493
704;561
704;850
704;1145
704;1163
704;1246
704;1333
705;437
705;460
705;927
705;1050
705;1305
706;12
706;255
706;532
706;858
706;1016
706;1158
706;1321
707;49
707;106
707;114
707;207
707;713
707;1107
707;1301
707;1444
708;253
708;629
708;670
708;780
708;787
708;867
708;1032
708;1091
708;1434
708;1483
709;556
709;614
709;628
709;896
709;902
709;967
709;1007
709;1365
709;1492
710;225
710;260
710;329
710;591
710;1000
710;1250
710;1392
711;69
711;97
711;744
711;771
711;826
711;928
711;930
711;1168
711;1218
711;1272
711;1435
712;136
712;203
712;238
712;255
712;256
712;309
712;761
712;789
712;1259
712;1371
713;106
714;26
714;112
714;855
714;924
714;1023
714;1125
714;1387
715;487
715;772
715;1146
715;1353
715;1375
716;107
716;111
716;283
716;431
716;569
716;1168
716;1227
716;1309
716;1356
717;106
717;435
717;712
717;850
717;1324
717;1341
718;29
718;264
718;713
718;998
718;1355
718;1412
719;29
719;58
719;121
719;383
719;598
719;1133
719;1149
719;1218
719;1370
719;1421
720;34
720;52
720;99
720;705
720;1026
720;1084
720;1335
721;58
721;299
721;381
721;398
721;424
721;467
721;570
721;1041
721;1381
722;496
722;689
722;725
722;759
722;1080
722;1255
722;1260
723;0
723;47
723;99
723;121
723;234
723;430
723;468
723;563
723;594
723;631
723;824
723;948
723;977
723;1131
724;740
724;776
724;902
724;927
724;1017
724;1091
724;1227
724;1464
725;570
725;592
725;624
725;795
725;830
725;872
725;1155
725;1274
725;1488
726;49
726;289
726;456
726;601
726;607
726;866
726;943
726;1062
726;1153
726;1177
726;1215
727;180
727;735
727;819
727;1488
728;40
728;231
728;251
728;826
728;939
728;950
728;1166
728;1260
728;1392
729;9
729;51
729;92
729;168
729;215
729;462
729;606
729;932
729;1208
730;430
730;459
730;461
730;540
730;840
730;1072
730;1125
730;1179
730;1244
730;1296
730;1475
731;25
731;27
731;265
731;308
731;430
731;526
731;923
731;1196
731;1364
732;351
732;369
732;656
732;955
732;1011
732;1058
732;1234
732;1253
732;1326
733;60
733;146
733;487
733;595
733;728
733;982
733;1455
734;188
734;259
734;389
734;688
734;844
734;922
734;1062
734;1183
735;47
735;579
735;1008
735;1023
735;1279
736;932
736;933
736;1163
736;1188
736;1275
736;1370
737;2
737;17
737;287
737;360
737;489
737;660
737;945
737;959
737;1081
737;1119
737;1121
737;1135
737;1138
737;1187
737;1233
738;10
738;167
738;730
738;764
738;773
738;950
738;1467
739;142
739;151
739;170
739;252
739;356
739;456
739;458
739;699
739;1110
739;1130
739;1166
739;1214
739;1358
739;1414
739;1423
740;113
740;629
740;684
740;1006
740;1242
740;1305
740;1447
741;249
741;553
741;828
741;1211
742;10
742;62
742;101
742;219
742;226
742;238
742;388
742;657
742;761
742;1110
742;1337
742;1389
743;194
743;198
743;422
743;633
743;1086
744;124
744;128
744;166
744;293
744;769
744;1071
744;1213
744;1233
744;1278
744;1408
744;1439
744;1442
745;84
745;314
745;540
745;1433
746;6
746;184
746;444
746;685
746;828
746;1363
746;1397
746;1400
747;812
747;849
747;949
747;950
747;1220
748;653
748;740
748;878
748;1070
748;1091
748;1191
748;1377
748;1415
748;1481
749;205
749;433
749;462
749;1322
749;1444
750;47
750;194
750;197
750;729
750;874
750;958
750;1173
750;1331
751;219
751;288
751;482
751;553
751;908
751;948
751;1027
751;1342
751;1362
752;869
752;1258
752;1259
752;1305
752;1419
752;1487
753;68
753;532
753;543
753;716
753;1033
753;1054
753;1187
753;1281
753;1354
753;1484
754;230
754;280
754;434
754;440
754;714
754;983
755;319
755;381
755;481
755;1032
755;1252
755;1338
756;24
756;26
756;77
756;112
756;151
756;308
756;322
756;490
756;514
756;555
756;1037
757;173
757;477
757;1133
757;1244
757;1391
758;45
758;298
758;306
758;1081
758;1184
758;1215
758;1343
759;35
759;265
759;566
759;918
760;68
760;193
760;666
760;765
760;770
760;1009
760;1347
760;1480
761;299
761;323
761;503
761;547
761;687
761;782
761;1183
761;1343
762;1
762;21
762;26
762;291
762;335
762;441
762;456
762;511
762;827
762;954
762;1456
763;56
763;297
763;310
763;501
763;628
763;965
763;991
763;1223
763;1266
763;1398
763;1436
764;164
764;407
764;684
764;846
764;1181
764;1333
764;1354
764;1423
765;74
765;168
765;260
765;406
765;657
765;1321
765;1344
766;45
766;847
766;902
766;924
766;1128
766;1202
766;1217
766;1340
766;1358
767;35
767;512
767;557
767;680
767;1153
767;1185
767;1249
767;1469
768;32
768;145
768;207
768;256
768;357
768;689
768;1192
768;1352
769;129
769;415
769;420
769;548
769;638
769;728
769;891
769;1242
769;1293
770;68
770;365
770;388
770;545
770;1105
771;4
771;393
771;438
771;830
771;856
771;1315
771;1324
772;76
772;411
772;560
772;1252
772;1327
772;1412
773;183
773;573
773;621
773;814
773;930
773;1100
773;1490
774;144
774;241
774;272
774;277
774;297
774;544
774;556
774;583
774;661
774;875
774;934
774;959
774;963
774;1235
775;238
775;772
775;830
775;860
775;891
775;968
775;1078
775;1137
775;1141
775;1426
776;330
776;607
776;675
776;999
776;1083
776;1112
776;1206
776;1238
776;1269
777;40
777;208
777;210
777;238
777;306
777;694
777;907
777;1094
777;1171
777;1437
778;514
778;558
778;715
778;797
778;1052
778;1105
778;1248
778;1254
778;1262
778;1276
778;1304
779;102
779;350
779;456
779;490
779;542
779;562
779;576
779;849
779;959
779;962
779;977
779;1197
779;1273
779;1371
780;293
780;994
780;1023
780;1072
780;1112
780;1150
781;658
781;1158
781;1325
782;260
782;272
782;392
782;1338
782;1474
783;65
783;331
783;387
783;577
783;611
783;1155
783;1452
783;1455
784;105
784;270
784;319
784;405
784;422
784;526
784;581
784;1078
784;1090
784;1494
785;13
785;141
785;209
785;404
785;425
785;590
785;1481
786;445
786;643
786;704
786;895
786;914
786;1121
786;1374
787;170
787;298
787;490
787;592
787;915
787;1023
787;1156
787;1373
788;51
788;108
788;234
788;350
788;363
788;782
788;954
788;1097
788;1218
788;1281
788;1304
788;1371
788;1430
788;1437
789;318
789;1232
790;267
790;520
790;630
790;1032
790;1428
791;1
791;11
791;379
791;906
791;1331
791;1426
792;229
792;572
792;1250
792;1471
793;5
793;16
793;141
793;402
793;569
793;951
793;1341
794;22
794;422
794;785
794;948
794;1084
794;1160
794;1429
795;32
795;35
795;39
795;229
795;380
795;631
795;735
795;851
795;1195
795;1213
795;1394
796;128
796;400
796;771
796;947
796;1166
796;1412
796;1460
797;295
797;315
797;617
797;842
797;1297
798;294
798;352
798;360
798;399
798;744
798;780
798;851
798;909
798;1004
798;1483
799;64
799;171
799;181
799;411
799;501
799;518
799;609
799;663
799;995
799;1177
799;1313
799;1348
800;26
800;133
800;440
800;533
800;1002
800;1014
800;1345
800;1429
801;458
801;496
801;560
801;577
801;1023
801;1032
801;1033
801;1038
801;1061
802;325
802;645
802;833
802;875
802;991
802;999
802;1444
803;33
803;38
803;222
803;292
803;350
803;457
803;482
803;618
803;681
803;747
803;822
803;944
803;1149
803;1283
804;466
804;730
804;756
804;763
804;787
804;939
804;1203
805;12
805;117
805;397
805;524
805;540
805;654
805;806
805;1024
805;1144
805;1383
805;1394
805;1491
806;27
806;368
806;437
806;557
806;878
806;1123
806;1341
807;227
807;275
807;279
807;316
807;719
807;903
807;1208
807;1312
807;1402
808;3
808;148
808;162
808;170
808;390
808;538
808;764
808;1162
808;1164
808;1288
808;1307
808;1381
808;1415
808;1496
809;20
809;31
809;128
809;513
809;679
809;827
810;680
810;842
810;1118
810;1258
810;1303
810;1310
810;1328
811;96
811;290
811;322
811;424
811;554
811;994
811;1115
811;1142
811;1261
811;1401
811;1478
812;1
812;819
812;1091
812;1154
813;22
813;52
813;216
813;537
813;749
813;773
813;913
813;935
814;597
814;877
814;956
814;1044
814;1056
815;307
815;773
815;841
815;954
815;1017
815;1278
815;1465
816;8
816;195
816;265
816;924
816;1197
816;1290
816;1339
817;25
817;154
817;274
817;309
817;416
817;824
817;869
817;1405
818;224
818;385
818;725
818;743
818;907
818;933
818;1216
818;1388
819;742
819;1010
819;1421
819;1446
820;80
820;134
820;143
820;189
820;355
820;647
820;781
820;1060
820;1248
820;1403
821;288
821;959
821;1008
821;1050
821;1130
821;1471
822;89
822;111
822;164
822;914
822;958
822;1100
823;67
823;306
823;1251
823;1279
824;168
824;373
824;710
824;977
824;1051
824;1095
824;1185
824;1477
825;609
825;630
825;823
825;1022
825;1034
825;1178
825;1232
826;178
826;247
826;305
826;956
826;1063
826;1261
826;1412
827;401
827;506
827;546
827;676
827;1434
828;188
828;743
828;756
828;780
828;1183
828;1289
828;1307
829;233
829;245
829;310
829;1060
829;1158
830;409
830;1027
830;1057
831;24
831;431
831;436
831;966
831;1014
832;0
832;20
832;149
832;207
832;329
832;503
832;535
832;802
832;1146
832;1299
832;1372
832;1413
833;430
833;692
833;1111
833;1174
833;1300
834;36
834;537
834;636
834;674
834;762
834;1063
834;1169
834;1201
834;1261
834;1280
834;1291
834;1495
835;4
835;331
835;452
835;572
835;669
835;911
835;938
835;1090
836;58
836;401
836;780
836;808
837;470
837;702
837;1108
837;1338
838;9
838;400
838;449
838;683
838;733
838;1188
838;1231
838;1336
838;1457
839;271
839;348
839;361
839;795
839;999
839;1046
839;1155
839;1365
840;166
840;271
840;370
840;385
840;576
840;709
840;799
840;871
840;1122
840;1138
840;1166
840;1345
841;272
841;387
841;615
841;923
841;1052
841;1210
841;1409
841;1443
842;339
842;380
842;517
842;563
842;620
842;1112
843;82
843;146
843;438
843;553
843;571
843;659
843;718
843;796
843;803
843;807
843;1021
843;1111
843;1313
843;1375
843;1422
843;1456
844;328
844;524
844;979
844;1053
845;140
845;386
845;603
845;794
845;1110
845;1291
845;1329
845;1448
845;1463
846;16
846;88
846;154
846;226
846;530
846;801
846;903
846;1361
846;1370
847;103
847;443
847;444
847;522
847;896
847;920
847;988
848;464
848;490
848;519
848;567
848;1158
848;1199
849;5
849;123
849;167
849;239
849;517
849;607
849;710
849;1257
850;64
850;168
850;381
850;471
850;526
850;951
850;991
850;1342
851;126
851;229
851;378
851;620
851;809
851;1053
851;1084
851;1101
851;1156
851;1245
851;1372
852;43
852;56
852;94
852;1132
852;1328
853;17
853;68
853;444
853;637
853;1004
853;1056
853;1126
853;1377
854;695
854;843
854;891
854;1020
854;1106
854;1359
854;1360
854;1440
855;1010
855;1017
855;1094
855;1348
855;1456
856;169
856;379
856;725
856;1146
857;5
857;489
857;601
857;947
857;955
857;1086
858;89
858;165
858;616
859;100
859;252
859;273
859;465
859;861
859;1194
859;1299
859;1375
859;1498
860;206
860;1211
860;1415
861;232
861;567
861;588
861;805
861;953
861;1149
861;1270
861;1375
862;451
862;924
862;1115
862;1279
862;1376
862;1453
863;2
863;273
863;356
863;752
863;886
863;1468
864;366
864;1249
865;793
865;916
865;930
865;980
865;1015
865;1183
865;1211
865;1384
866;217
866;292
866;362
866;867
866;1208
867;132
867;272
867;472
867;585
867;1492
868;123
868;124
868;461
868;490
868;547
868;658
868;760
868;844
868;932
868;1449
869;28
869;282
869;367
869;890
869;974
869;1080
869;1153
869;1338
869;1481
870;52
870;419
870;703
870;969
870;1075
871;169
871;291
871;611
871;616
871;677
871;751
871;766
871;816
871;989
871;1358
871;1478
871;1499
872;162
872;287
872;416
872;543
872;942
872;1235
872;1262
872;1363
873;26
873;251
873;352
873;1159
873;1163
873;1239
874;124
874;167
874;299
874;368
874;463
874;498
874;606
874;726
874;754
875;148
875;265
875;623
875;631
875;727
875;1255
875;1280
875;1487
876;367
876;848
876;1150
876;1327
877;334
877;373
877;409
877;878
877;1462
877;1493
878;112
878;633
878;913
878;1051
878;1272
878;1312
879;86
879;458
879;536
879;541
879;585
879;691
879;1101
879;1499
880;14
880;107
880;350
880;950
880;982
881;60
881;173
881;185
881;486
881;608
881;668
881;762
881;1137
881;1143
881;1308
882;452
882;1013
882;1224
882;1286
883;218
883;375
883;774
883;1017
883;1032
883;1217
883;1254
884;8
884;564
884;594
884;790
884;853
884;860
884;893
884;976
884;1199
884;1228
884;1265
885;152
885;364
885;697
885;702
885;712
885;1280
886;264
886;369
886;414
886;440
886;454
886;594
886;690
886;1206
886;1423
887;451
887;684
887;959
888;118
888;388
888;461
888;640
888;1435
889;417
889;890
889;918
889;1136
889;1214
890;110
890;144
890;402
890;701
890;1169
890;1295
890;1400
891;149
891;348
891;861
892;0
892;8
892;241
892;335
892;478
892;547
892;656
892;739
893;852
893;900
893;992
893;1115
893;1378
894;153
894;161
894;415
894;1048
894;1144
894;1468
894;1491
895;139
895;292
895;434
895;469
895;1224
895;1285
896;329
896;369
896;574
896;788
896;867
896;1427
897;461
897;471
897;658
897;943
897;995
897;1300
897;1384
898;245
898;286
898;320
898;336
898;342
898;480
898;685
898;823
898;886
898;957
898;1194
898;1348
899;40
899;209
899;235
899;254
899;365
899;367
899;429
899;760
899;1208
900;107
900;526
900;1394
901;270
901;386
901;427
901;613
901;666
901;675
901;757
901;1127
901;1463
902;41
902;175
902;208
902;792
902;979
902;1409
902;1489
903;256
903;597
903;946
903;1253
904;338
904;444
904;559
904;571
904;714
904;1293
905;13
905;35
905;502
905;1308
906;49
906;300
906;467
906;516
906;577
906;963
906;1047
906;1175
907;328
907;643
907;1018
907;1204
908;416
908;897
908;926
908;1080
908;1113
908;1165
908;1224
908;1277
908;1289
908;1349
909;8
909;239
909;314
909;738
909;1077
909;1143
909;1177
910;186
910;233
910;550
910;618
910;672
910;712
910;840
910;1105
910;1190
910;1316
910;1419
911;75
911;720
911;774
911;784
911;978
911;1064
912;38
912;80
912;290
912;353
912;550
912;601
912;674
912;822
912;971
912;1011
912;1069
912;1094
912;1165
912;1329
912;1490
913;63
913;107
913;355
913;429
913;528
913;563
913;791
913;878
913;923
913;1133
913;1295
913;1324
913;1413
913;1483
914;214
914;767
914;947
914;1111
914;1298
915;204
915;285
915;720
915;765
915;1318
915;1384
916;35
916;58
916;117
916;372
916;595
916;978
916;1186
917;103
917;134
917;166
917;395
917;403
917;575
917;583
917;585
917;675
917;760
917;951
917;1130
917;1246
918;35
918;154
918;167
918;386
918;413
918;419
918;812
918;1249
918;1278
918;1380
919;119
919;164
919;321
919;338
919;991
919;1368
919;1475
920;113
920;434
920;729
920;936
920;1173
921;455
921;615
921;711
921;1247
921;1290
922;137
922;621
922;876
922;1108
922;1183
922;1296
922;1454
923;316
923;745
923;847
923;863
923;987
923;995
923;1129
924;58
924;209
924;579
924;874
924;888
924;1271
925;7
925;66
925;481
925;506
925;514
925;646
925;1069
925;1354
926;259
926;272
926;563
926;816
927;165
927;545
927;746
927;989
927;997
928;214
928;377
928;386
928;423
928;698
928;975
928;1268
928;1331
928;1443
929;77
929;124
929;629
929;763
929;789
929;795
929;940
929;1168
929;1199
929;1444
930;290
930;639
930;940
930;1015
930;1119
930;1120
930;1282
931;226
931;305
931;355
931;661
931;744
931;851
931;912
931;1033
931;1252
931;1464
932;147
932;276
932;394
932;511
932;639
932;796
932;829
932;864
932;941
932;1055
932;1078
932;1086
933;164
933;208
933;765
933;929
933;1015
933;1043
933;1193
933;1380
934;179
934;327
934;582
934;643
934;900
934;933
934;1185
934;1401
934;1474
935;62
935;94
935;111
935;472
935;988
935;1298
936;362
936;783
936;910
936;938
936;1068
936;1148
936;1152
936;1495
937;182
937;352
937;814
937;985
937;1034
938;639
938;1014
938;1224
938;1335
938;1471
939;104
939;105
939;1024
939;1218
940;13
940;90
940;102
940;224
940;647
940;899
940;959
940;1084
940;1136
940;1181
940;1454
941;84
941;236
941;417
941;955
941;1015
942;244
942;448
942;576
942;724
942;797
942;1017
942;1138
942;1280
942;1399
942;1427
942;1438
943;136
943;546
943;596
943;809
943;1190
943;1491
944;278
944;509
944;870
944;941
944;1156
944;1373
945;394
945;675
945;723
945;854
945;911
945;1084
945;1096
945;1203
945;1311
945;1425
946;255
946;684
946;1136
946;1314
947;132
947;484
947;515
947;538
947;578
947;992
947;1039
947;1076
947;1499
948;364
948;427
948;654
948;739
948;850
948;1318
948;1350
948;1375
948;1432
949;118
949;220
949;385
949;482
949;551
949;652
949;1079
949;1139
949;1392
950;66
950;163
950;250
950;285
950;402
950;450
950;504
950;612
950;673
950;691
950;758
950;834
950;1233
950;1335
950;1357
951;149
951;153
951;755
951;815
952;293
952;363
952;429
952;1156
952;1233
952;1482
953;29
953;221
953;354
953;574
953;756
953;797
953;860
953;872
953;1220
953;1256
954;143
954;150
954;183
954;288
954;414
954;505
954;584
954;607
954;686
954;746
954;1170
954;1283
955;122
955;659
955;822
955;919
955;949
955;978
955;1087
955;1486
956;179
956;462
956;516
956;623
956;646
956;761
956;798
957;512
957;585
957;710
957;877
957;966
957;1024
957;1272
957;1439
957;1448
958;65
958;598
958;834
958;979
958;1077
958;1409
958;1425
959;20
959;110
959;215
959;367
959;524
959;636
959;738
959;1050
959;1223
959;1494
960;33
960;124
960;271
960;484
960;552
960;825
960;845
960;1113
960;1282
960;1474
961;43
961;313
961;830
961;1056
961;1305
962;12
962;137
962;366
962;438
962;775
962;936
962;1245
962;1348
963;479
963;756
963;757
963;796
963;1085
963;1116
963;1156
963;1168
963;1451
963;1456
964;94
964;246
964;449
964;585
964;635
964;1136
964;1455
965;283
965;354
965;796
965;798
965;1036
965;1179
966;89
966;139
966;386
966;637
967;165
967;337
967;575
967;704
968;28
968;659
968;726
968;1131
968;1440
969;410
969;580
969;843
969;847
969;1229
970;292
970;324
970;447
970;523
970;563
970;676
970;828
970;894
970;951
970;1410
971;325
971;403
971;602
971;815
971;1120
971;1302
971;1410
971;1481
972;81
972;101
972;215
972;353
972;694
972;1096
972;1228
972;1488
973;14
973;105
973;689
973;1161
973;1436
973;1437
973;1490
974;178
974;781
974;842
975;370
975;624
975;1068
976;44
976;131
976;576
976;660
976;701
977;132
977;321
977;593
977;673
977;792
978;52
978;120
978;462
978;538
978;791
978;960
978;1001
978;1134
978;1197
978;1210
978;1345
979;28
979;288
979;418
979;423
979;441
979;713
979;1007
979;1240
979;1404
979;1406
979;1424
979;1436
980;13
980;698
980;747
980;1070
981;247
981;323
981;928
981;1057
981;1335
981;1484
982;186
982;199
982;206
982;335
982;385
982;576
982;827
982;1137
982;1333
983;88
983;338
983;1204
983;1239
983;1286
984;389
984;835
984;1403
984;1437
985;376
985;442
985;451
985;559
985;674
985;843
985;894
985;903
985;960
985;1011
985;1354
985;1459
986;333
986;431
986;434
986;448
986;675
987;116
987;234
987;302
987;327
987;846
987;899
987;913
987;948
987;1087
987;1375
988;78
988;133
988;785
988;961
988;1332
989;42
989;539
989;692
989;750
989;751
989;948
989;1077
990;144
990;166
990;498
990;795
990;941
990;1015
991;63
991;247
991;256
991;270
991;367
991;613
991;667
991;831
991;927
992;177
992;395
992;483
992;876
992;1219
993;31
993;100
993;152
993;474
993;694
993;739
993;863
993;1030
994;69
994;159
994;212
994;975
994;1043
994;1188
995;42
995;111
995;179
995;277
995;555
995;859
995;1340
995;1497
996;172
996;180
996;220
996;268
996;635
996;732
996;793
996;1120
996;1406
996;1418
997;281
997;911
997;981
997;1092
997;1178
997;1465
998;100
998;103
998;156
998;649
998;1067
998;1364
999;107
999;177
999;343
999;392
999;394
999;677
999;690
999;745
999;1049
999;1190
1000;48
1000;133
1000;432
1000;500
1000;906
1000;992
1000;1092
1000;1161
1000;1467
1001;242
1001;340
1001;384
1001;416
1001;516
1001;804
1001;1096
1001;1157
1001;1423
1002;202
1002;383
1002;779
1002;1082
1002;1175
1003;204
1003;272
1003;377
1003;1263
1004;77
1004;127
1004;203
1004;511
1004;1422
1005;159
1005;176
1005;290
1005;437
1005;742
1005;971
1005;1077
1005;1318
1005;1443
1006;290
1006;597
1006;632
1006;1045
1006;1095
1006;1220
1006;1310
1006;1473
1007;153
1007;261
1007;370
1007;715
1007;791
1007;808
1007;871
1007;1063
1007;1184
1007;1259
1008;8
1008;395
1008;581
1008;612
1008;630
1008;699
1008;1198
1008;1372
1008;1454
1008;1481
1009;15
1009;113
1009;465
1009;475
1009;507
1009;819
1009;945
1009;977
1009;1190
1009;1361
1009;1409
1010;328
1010;414
1010;485
1010;512
1010;608
1010;666
1010;992
1010;1230
1011;114
1011;519
1011;660
1011;686
1011;879
1011;882
1011;1047
1011;1303
1012;179
1012;229
1012;317
1012;402
1012;686
1012;732
1012;780
1012;1174
1013;96
1013;105
1013;162
1013;182
1013;198
1013;332
1013;436
1013;499
1013;524
1013;1023
1013;1277
1013;1459
1014;243
1014;277
1014;426
1014;671
1014;679
1014;952
1014;1101
1015;92
1015;265
1015;321
1015;390
1015;472
1015;488
1015;490
1015;493
1015;535
1015;764
1015;1055
1015;1174
1015;1291
1015;1384
1016;357
1016;595
1016;661
1016;665
1016;670
1016;778
1016;795
1016;935
1016;1215
1017;73
1017;254
1017;324
1017;776
1017;890
1017;914
1017;924
1017;1002
1017;1104
1017;1296
1017;1377
1017;1489
1018;270
1018;410
1018;419
1018;519
1018;523
1018;680
1018;987
1018;1070
1019;71
1019;83
1019;87
1019;96
1019;239
1019;273
1019;411
1019;436
1019;725
1019;1136
1020;393
1020;966
1021;208
1021;492
1021;553
1021;625
1021;841
1021;920
1021;1270
1021;1408
1021;1486
1022;241
1022;359
1022;421
1022;705
1022;784
1022;850
1022;919
1023;20
1023;394
1023;516
1023;601
1023;763
1023;970
1023;1322
1024;645
1024;1100
1024;1193
1024;1445
1025;296
1025;731
1025;782
1025;1087
1026;700
1026;1161
1026;1217
1026;1235
1027;41
1027;416
1027;477
1027;529
1027;592
1027;711
1027;923
1027;1256
1027;1431
1028;33
1028;583
1028;670
1028;771
1028;990
1028;1055
1028;1141
1028;1209
1028;1493
1029;46
1029;63
1029;100
1029;169
1029;242
1029;259
1029;325
1029;718
1029;735
1029;785
1029;926
1029;1154
1029;1219
1029;1421
1030;288
1030;337
1030;419
1030;875
1030;945
1030;1089
1031;1
1031;379
1031;566
1031;605
1031;787
1032;19
1032;20
1032;102
1032;467
1032;475
1032;597
1032;805
1032;1089
1032;1375
1033;341
1033;981
1033;1228
1034;56
1034;240
1034;732
1034;1054
1034;1151
1034;1197
1034;1323
1034;1391
1035;11
1035;29
1035;314
1035;939
1035;1226
1035;1235
1035;1468
1036;66
1036;153
1036;188
1036;474
1036;512
1036;625
1036;706
1037;544
1037;915
1037;1003
1037;1032
1037;1262
1038;120
1038;141
1038;266
1038;273
1038;299
1038;445
1038;580
1038;848
1038;1422
1038;1468
1039;57
1039;271
1039;653
1039;869
1039;937
1039;1010
1039;1430
1040;201
1040;704
1040;866
1040;1174
1040;1428
1041;301
1041;376
1041;1219
1041;1306
1041;1400
1042;220
1042;641
1042;727
1042;1119
1042;1125
1042;1238
1042;1250
1042;1393
1042;1452
1043;96
1043;366
1043;703
1043;744
1043;1148
1043;1232
1043;1298
1044;73
1044;655
1045;34
1045;63
1045;126
1045;217
1045;294
1045;362
1045;935
1045;982
1045;1026
1045;1235
1045;1265
1046;164
1046;444
1046;642
1046;742
1046;1126
1046;1450
1047;151
1047;182
1047;422
1047;506
1047;892
1047;906
1047;940
1047;1042
1047;1059
1047;1242
1047;1256
1047;1262
1048;193
1048;361
1048;487
1048;694
1048;988
1048;1181
1048;1183
1048;1436
1049;312
1049;381
1049;393
1049;574
1049;707
1049;805
1049;831
1049;865
1049;1019
1049;1160
1049;1294
1050;283
1050;299
1050;318
1050;388
1050;431
1050;597
1050;1111
1050;1178
1050;1393
1051;138
1051;356
1051;1395
1051;1432
1052;77
1052;718
1052;1080
1052;1124
1052;1178
1052;1363
1052;1456
1052;1476
1053;58
1053;198
1053;376
1053;744
1054;21
1054;528
1054;621
1054;640
1054;692
1054;997
1054;1072
1054;1246
1054;1300
1054;1486
1055;21
1055;384
1055;502
1055;753
1055;1241
1055;1481
1056;373
1056;565
1056;1105
1056;1180
1056;1419
1057;107
1057;330
1057;575
1057;592
1057;768
1057;828
1057;939
1057;1055
1057;1396
1057;1446
1058;175
1058;293
1058;321
1058;855
1058;1082
1058;1151
1058;1261
1058;1459
1059;267
1059;551
1059;591
1059;656
1059;768
1059;813
1059;936
1059;1098
1059;1234
1059;1239
1059;1373
1060;424
1060;455
1060;616
1060;846
1060;864
1060;923
1060;979
1060;1014
1060;1231
1060;1437
1061;122
1061;134
1061;457
1061;633
1061;650
1061;762
1061;909
1061;1008
1061;1077
1061;1448
1062;19
1062;178
1062;303
1062;347
1062;443
1062;587
1062;1027
1062;1041
1062;1170
1062;1229
1062;1326
1063;68
1063;868
1063;953
1063;997
1063;1226
1063;1310
1063;1314
1063;1364
1064;44
1064;71
1064;72
1064;96
1064;151
1064;324
1064;373
1064;375
1064;632
1064;642
1064;946
1064;1060
1064;1211
1064;1302
1064;1345
1065;365
1065;424
1065;444
1065;806
1065;1240
1065;1313
1065;1339
1066;31
1066;235
1066;352
1066;658
1066;828
1066;1032
1066;1314
1066;1440
1067;296
1067;528
1067;668
1067;800
1067;1123
1067;1176
1067;1195
1068;42
1068;311
1068;376
1068;1118
1068;1429
1069;229
1069;427
1069;1265
1070;82
1070;160
1070;452
1070;515
1070;531
1070;683
1070;689
1070;1283
1070;1285
1070;1391
1071;271
1071;352
1071;1194
1071;1466
1072;92
1072;169
1072;177
1072;409
1072;955
1072;1142
1072;1327
1072;1410
1073;19
1073;887
1073;890
1073;1040
1073;1054
1073;1203
1074;47
1074;109
1074;432
1074;461
1074;857
1074;1042
1075;99
1075;344
1075;1055
1075;1317
1075;1374
1076;85
1076;257
1076;413
1076;627
1076;1296
1076;1403
1077;215
1077;975
1077;1017
1077;1028
1077;1192
1077;1489
1078;47
1078;416
1078;734
1078;886
1078;1281
1079;204
1079;325
1079;567
1079;732
1079;976
1079;1214
1079;1307
1079;1466
1080;223
1080;424
1080;504
1080;786
1080;876
1080;923
1080;955
1080;1404
1080;1448
1081;146
1081;393
1081;1355
1081;1382
1081;1445
1082;70
1082;540
1082;612
1082;1347
1083;52
1083;203
1083;209
1083;381
1083;748
1083;892
1083;924
1083;1070
1083;1098
1084;468
1084;812
1084;837
1084;1143
1084;1168
1084;1218
1084;1275
1084;1439
1085;201
1085;600
1085;733
1085;780
1085;1181
1085;1407
1085;1437
1086;221
1086;298
1086;498
1086;768
1086;860
1086;1203
1086;1451
1087;71
1087;345
1087;540
1087;1059
1087;1348
1087;1470
1088;170
1088;459
1088;915
1088;950
1088;957
1088;1103
1089;75
1089;317
1089;444
1089;447
1089;1241
1089;1419
1089;1462
1089;1488
1090;2
1090;105
1090;130
1090;671
1090;681
1090;886
1090;1132
1090;1279
1091;30
1091;162
1091;163
1091;352
1091;780
1092;393
1092;496
1092;582
1092;928
1092;1016
1093;66
1093;151
1093;459
1093;894
1093;908
1093;1024
1093;1097
1093;1343
1094;4
1094;74
1094;238
1094;938
1094;963
1094;1091
1094;1349
1094;1456
1094;1471
1095;134
1095;229
1095;389
1095;494
1095;500
1095;584
1095;812
1095;1206
1096;41
1096;343
1096;368
1096;620
1096;819
1096;853
1096;855
1096;942
1096;1002
1096;1006
1096;1228
1097;98
1097;230
1097;457
1097;525
1097;527
1097;629
1097;834
1097;842
1097;984
1097;1127
1097;1280
1097;1411
1098;207
1098;215
1098;925
1098;948
1098;1176
1098;1269
1098;1394
1098;1479
1099;236
1099;397
1099;485
1099;902
1100;106
1100;311
1100;526
1100;725
1100;781
1100;1240
1100;1329
1101;12
1101;34
1101;557
1101;821
1101;874
1101;985
1101;1052
1101;1077
1101;1201
1101;1253
1101;1328
1101;1366
1101;1383
1102;262
1102;305
1102;430
1102;779
1102;829
1102;858
1102;1158
1102;1210
1102;1241
1103;53
1103;101
1103;196
1103;209
1103;214
1103;292
1103;363
1103;405
1103;910
1103;1084
1103;1137
1103;1220
1104;69
1104;765
1104;834
1104;1073
1104;1183
1104;1388
1104;1439
1105;353
1105;386
1105;859
1105;953
1105;1166
1105;1181
1105;1438
1105;1458
1106;259
1106;786
1106;812
1106;1072
1106;1223
1106;1259
1107;169
1107;323
1107;333
1107;343
1107;1061
1107;1266
1108;252
1108;406
1108;567
1108;627
1108;849
1108;918
1108;1168
1108;1265
1108;1394
1109;132
1109;681
1109;930
1109;1364
1109;1391
1110;266
1110;287
1110;328
1110;794
1110;1363
1111;110
1111;116
1111;638
1111;706
1112;120
1112;396
1112;614
1112;705
1112;1332
1112;1364
1112;1483
1113;415
1113;456
1113;490
1113;717
1113;969
1113;1106
1113;1232
1113;1374
1114;70
1114;635
1114;705
1114;859
1114;1280
1115;124
1115;640
1115;919
1115;1052
1115;1240
1116;83
1116;335
1116;472
1116;642
1116;901
1117;212
1117;806
1117;861
1117;969
1117;982
1118;20
1118;128
1118;238
1118;404
1118;1095
1118;1190
1118;1278
1118;1287
1118;1371
1119;867
1119;1150
1119;1276
1120;461
1120;604
1120;635
1120;1100
1120;1291
1120;1322
1120;1343
1121;363
1121;571
1121;687
1121;740
1121;996
1121;1292
1121;1296
1122;42
1122;56
1122;132
1122;437
1122;529
1122;609
1122;750
1122;781
1122;974
1122;994
1122;1150
1122;1463
1123;1133
1123;1360
1123;1389
1124;375
1124;422
1124;448
1124;711
1124;713
1124;787
1124;811
1124;1181
1124;1346
1125;19
1125;136
1125;345
1125;427
1125;597
1125;659
1125;672
1125;680
1125;788
1125;861
1125;893
1125;1311
1125;1337
1125;1393
1125;1445
1126;125
1126;127
1126;748
1126;795
1126;1372
1127;115
1127;286
1127;429
1127;451
1127;456
1127;516
1127;540
1127;923
1127;1171
1127;1337
1127;1383
1128;54
1128;103
1128;213
1128;618
1128;638
1128;670
1128;713
1128;1011
1128;1097
1128;1173
1128;1411
1129;205
1129;561
1129;709
1129;1292
1130;89
1130;184
1130;331
1130;467
1130;581
1130;768
1130;814
1130;990
1130;1472
1131;13
1131;173
1131;775
1131;897
1131;1208
1131;1263
1131;1358
1132;242
1132;294
1132;434
1132;632
1132;1189
1132;1216
1133;65
1133;754
1133;890
1133;920
1133;1152
1133;1175
1133;1200
1133;1209
1133;1293
1134;292
1134;346
1134;751
1134;753
1134;864
1134;888
1134;950
1134;1125
1135;158
1135;427
1135;476
1135;589
1135;859
1135;1339
1136;54
1136;193
1136;809
1136;951
1136;1175
1137;10
1137;149
1137;207
1137;591
1137;695
1137;844
1137;1257
1138;96
1138;298
1138;396
1138;641
1138;1237
1138;1460
1139;197
1139;264
1139;507
1139;728
1139;893
1139;1015
1139;1023
1139;1422
1140;49
1140;94
1140;208
1140;232
1140;338
1140;511
1140;582
1140;642
1140;866
1140;911
1140;1022
1140;1102
1140;1116
1140;1485
1141;165
1141;186
1141;272
1141;1245
1141;1271
1142;146
1142;228
1142;276
1142;312
1142;437
1142;776
1142;1066
1142;1359
1142;1439
1143;229
1143;377
1143;415
1143;431
1143;445
1143;679
1143;838
1143;877
1143;1103
1143;1126
1143;1234
1144;46
1144;286
1144;1121
1144;1130
1144;1257
1144;1269
1144;1412
1144;1435
1145;354
1145;531
1145;624
1145;843
1145;983
1145;1231
1145;1266
1145;1356
1145;1371
1146;137
1146;255
1146;331
1146;433
1146;909
1146;927
1146;1019
1146;1053
1146;1106
1146;1172
1146;1175
1147;153
1147;295
1147;310
1147;1081
1147;1207
1147;1386
1147;1458
1148;72
1148;158
1148;208
1148;214
1148;451
1148;797
1148;910
1148;1114
1148;1299
1148;1398
1149;19
1149;427
1149;877
1149;1028
1149;1300
1149;1417
1149;1490
1150;57
1150;139
1150;145
1150;305
1150;393
1150;912
1150;921
1150;1119
1150;1165
1150;1276
1150;1416
1150;1435
1151;1
1151;598
1151;788
1151;827
1151;927
1151;1112
1151;1377
1151;1390
1152;371
1152;477
1152;702
1152;881
1152;884
1152;1028
1152;1074
1152;1116
1152;1171
1152;1401
1152;1479
1153;118
1153;168
1153;652
1153;1091
1153;1344
1153;1394
1154;743
1154;753
1154;991
1154;995
1154;1159
1155;273
1155;352
1155;385
1155;453
1155;767
1155;845
1155;1416
1155;1494
1156;67
1156;522
1156;711
1156;719
1156;921
1156;1169
1156;1253
1156;1301
1156;1417
1157;114
1157;146
1157;148
1157;445
1157;1030
1157;1371
1157;1460
1158;76
1158;134
1158;402
1158;768
1158;806
1158;955
1158;1145
1158;1344
1158;1417
1159;232
1159;297
1159;569
1159;1169
1159;1200
1159;1298
1160;133
1160;824
1160;1006
1160;1202
1160;1229
1160;1378
1161;696
1161;1019
1161;1085
1161;1108
1161;1216
1161;1418
1161;1472
1162;32
1162;153
1162;264
1162;285
1162;336
1162;644
1162;676
1162;710
1162;742
1162;833
1162;996
1162;1112
1162;1167
1163;109
1163;307
1163;697
1163;790
1163;1029
1163;1116
1163;1213
1163;1400
1164;11
1164;183
1164;354
1164;356
1164;420
1164;812
1164;853
1164;945
1164;1034
1164;1180
1164;1226
1165;449
1165;732
1165;913
1165;1086
1165;1149
1165;1345
1166;156
1166;645
1166;789
1166;815
1166;1096
1166;1439
1167;522
1167;765
1167;775
1167;1198
1167;1296
1167;1381
1168;47
1168;320
1168;345
1168;379
1168;602
1168;669
1168;783
1168;788
1168;906
1168;1013
1168;1473
1169;540
1169;1157
1169;1171
1169;1383
1169;1444
1170;643
1170;782
1170;1187
1171;133
1171;185
1171;339
1171;444
1171;824
1171;986
1171;1052
1171;1064
1171;1344
1172;143
1172;432
1172;698
1172;945
1172;1323
1173;45
1173;469
1173;799
1173;1366
1173;1373
1174;22
1174;110
1174;301
1174;885
1175;372
1175;1077
1175;1129
1175;1233
1176;246
1176;840
1176;916
1176;1018
1176;1057
1176;1107
1176;1177
1176;1183
1176;1202
1176;1226
1176;1292
1176;1343
1176;1365
1177;200
1177;527
1177;687
1177;764
1177;804
1177;821
1177;834
1177;863
1177;985
1177;1109
1178;154
1178;392
1178;716
1178;830
1178;831
1178;913
1178;1430
1179;498
1179;767
1179;1008
1179;1107
1179;1346
1180;1
1180;77
1180;292
1180;379
1180;925
1180;1031
1181;14
1181;77
1181;190
1181;366
1181;469
1181;839
1181;1401
1182;3
1182;278
1182;323
1182;716
1182;1113
1182;1174
1182;1264
1182;1399
1182;1428
1183;215
1183;761
1183;768
1183;1090
1184;226
1184;243
1184;303
1184;486
1184;531
1184;714
1184;1114
1184;1357
1185;225
1185;327
1185;692
1185;936
1185;1042
1185;1141
1185;1315
1185;1463
1186;65
1186;624
1186;1217
1186;1473
1186;1489
1187;244
1187;914
1187;1067
1187;1448
1188;209
1188;230
1189;153
1189;382
1189;645
1189;808
1189;1443
1190;138
1190;1169
1190;1188
1191;505
1191;1171
1191;1212
1191;1325
1192;187
1192;299
1192;364
1192;379
1192;396
1192;431
1192;708
1192;1119
1192;1211
1193;174
1193;214
1193;275
1193;306
1193;428
1193;450
1193;495
1193;521
1193;688
1193;694
1193;840
1193;912
1193;962
1193;1116
1193;1277
1193;1322
1193;1341
1193;1388
1194;64
1194;251
1194;421
1194;499
1194;504
1194;914
1194;935
1194;970
1194;1308
1194;1352
1194;1401
1195;129
1195;360
1195;800
1195;997
1195;1006
1195;1113
1195;1150
1195;1230
1196;10
1196;150
1196;206
1196;414
1196;482
1196;736
1196;779
1196;1018
1196;1095
1196;1204
1196;1252
1196;1261
1196;1438
1197;236
1197;243
1197;545
1197;1021
1197;1023
1197;1140
1197;1149
1197;1478
1198;365
1198;779
1198;789
1198;791
1198;864
1198;938
1198;975
1198;1060
1198;1084
1198;1232
1199;278
1199;345
1199;893
1199;996
1199;1002
1199;1179
1199;1198
1199;1229
1199;1369
1199;1391
1199;1400
1200;13
1200;896
1200;924
1200;982
1200;1012
1200;1228
1201;87
1201;1005
1201;1123
1201;1306
1201;1445
1201;1471
1202;389
1202;619
1202;701
1202;1203
1202;1463
1202;1474
1203;9
1203;28
1203;65
1203;313
1203;364
1203;582
1203;620
1203;856
1203;1318
1204;455
1204;514
1204;554
1204;921
1204;1141
1204;1149
1204;1309
1205;26
1205;29
1205;160
1205;206
1205;338
1205;355
1205;372
1205;740
1205;1164
1205;1315
1206;0
1206;213
1206;555
1206;1212
1207;129
1207;235
1207;310
1207;357
1207;586
1207;760
1207;928
1208;147
1208;357
1208;504
1208;603
1208;743
1208;806
1208;808
1208;883
1208;962
1208;1008
1208;1059
1208;1488
1209;21
1209;181
1209;533
1209;606
1209;1266
1210;58
1210;668
1210;747
1210;825
1210;853
1210;1459
1211;255
1211;401
1211;498
1211;622
1211;815
1211;861
1211;1051
1211;1097
1211;1444
1212;112
1212;400
1212;703
1212;782
1212;1009
1212;1309
1212;1357
1213;44
1213;84
1213;157
1213;680
1213;714
1213;1238
1213;1308
1213;1456
1213;1488
1214;201
1214;499
1214;528
1214;708
1214;1250
1215;159
1215;273
1215;484
1215;985
1215;1454
1216;16
1216;945
1216;946
1216;982
1216;1073
1217;342
1217;811
1217;1328
1217;1336
1217;1485
1218;329
1218;579
1218;587
1218;659
1218;968
1218;1001
1218;1277
1219;6
1219;8
1219;120
1219;147
1219;622
1219;901
1219;1032
1219;1220
1219;1332
1220;36
1220;48
1220;162
1220;178
1220;504
1220;515
1220;598
1220;654
1220;705
1220;849
1220;1138
1221;297
1221;482
1221;787
1221;858
1221;982
1221;1236
1221;1403
1221;1470
1222;137
1222;363
1222;415
1222;951
1222;1024
1222;1191
1222;1396
1223;209
1223;902
1223;963
1223;1151
1224;626
1224;733
1224;739
1224;888
1224;955
1224;1129
1224;1241
1224;1372
1224;1386
1225;587
1225;603
1225;1170
1225;1345
1225;1462
1226;71
1226;156
1226;210
1226;237
1226;573
1226;672
1226;1133
1226;1321
1227;35
1227;290
1227;444
1227;563
1227;837
1227;1269
1227;1285
1227;1386
1227;1426
1228;513
1228;595
1228;628
1228;744
1228;918
1228;1115
1228;1310
1229;312
1229;443
1229;449
1229;496
1229;877
1229;1017
1229;1211
1229;1326
1229;1331
1230;341
1230;720
1230;995
1230;1121
1230;1122
1230;1295
1230;1362
1231;324
1231;401
1231;622
1231;679
1231;742
1231;1111
1231;1259
1231;1448
1232;49
1232;207
1232;224
1232;420
1232;484
1232;689
1232;843
1232;1306
1233;584
1233;630
1233;649
1233;1397
1234;132
1234;421
1234;870
1234;940
1234;1002
1234;1094
1234;1367
1235;158
1235;160
1235;330
1235;441
1235;501
1235;594
1235;793
1235;1211
1235;1453
1236;157
1236;314
1236;364
1236;484
1236;524
1236;773
1236;784
1236;837
1236;900
1236;998
1236;1044
1236;1277
1237;18
1237;70
1237;409
1237;646
1237;1049
1237;1117
1237;1238
1237;1448
1238;159
1238;266
1238;450
1238;685
1238;802
1238;912
1238;1108
1238;1140
1238;1294
1239;214
1239;563
1239;752
1239;1127
1239;1309
1240;113
1240;389
1240;393
1240;492
1240;764
1240;964
1240;1047
1240;1063
1241;93
1241;303
1241;956
1241;972
1241;1068
1241;1185
1241;1239
1241;1355
1241;1476
1242;1
1242;70
1242;199
1242;461
1242;596
1242;829
1242;907
1242;946
1242;991
1242;1159
1242;1179
1242;1198
1242;1303
1242;1343
1243;146
1243;519
1243;923
1243;1178
1243;1226
1243;1299
1243;1411
1244;406
1244;533
1244;542
1244;783
1244;973
1245;41
1245;124
1245;253
1245;922
1245;944
1245;964
1245;1007
1245;1441
1246;140
1246;731
1246;743
1246;750
1246;935
1246;1221
1246;1231
1246;1409
1246;1483
1247;284
1247;339
1247;373
1247;470
1247;575
1247;650
1247;666
1247;863
1247;1079
1247;1253
1248;132
1248;951
1248;1041
1248;1091
1248;1104
1249;55
1249;181
1249;321
1249;383
1249;441
1249;456
1249;642
1249;810
1249;976
1249;1036
1249;1064
1249;1116
1249;1391
1249;1453
1250;29
1250;681
1250;851
1250;1200
1250;1228
1250;1272
1250;1391
1250;1416
1251;161
1251;319
1251;365
1251;501
1251;736
1251;765
1251;1269
1252;359
1252;375
1252;610
1252;1432
1253;88
1253;99
1253;454
1253;889
1253;954
1253;1028
1253;1035
1253;1239
1254;285
1254;588
1254;751
1254;958
1254;996
1254;1028
1254;1061
1254;1172
1254;1287
1254;1452
1255;75
1255;166
1255;190
1255;1032
1255;1183
1255;1300
1255;1344
1256;6
1256;25
1256;125
1256;264
1256;302
1256;314
1256;387
1256;490
1256;495
1256;976
1256;1162
1256;1387
1257;12
1257;399
1257;461
1257;714
1257;731
1257;1067
1257;1097
1257;1251
1257;1290
1258;23
1258;166
1258;255
1258;286
1258;310
1258;405
1258;569
1258;914
1258;953
1258;976
1259;39
1259;93
1259;107
1259;275
1259;592
1259;684
1259;996
1259;1123
1259;1165
1259;1209
1259;1330
1260;315
1260;351
1260;667
1260;709
1260;818
1260;877
1260;1047
1260;1360
1260;1419
1261;163
1261;398
1261;445
1261;453
1261;614
1261;843
1261;948
1261;1014
1261;1030
1261;1156
1261;1446
1262;55
1262;96
1262;288
1262;657
1262;1068
1262;1467
1263;383
1263;535
1263;708
1263;713
1263;831
1263;869
1263;1327
1263;1385
1264;42
1264;454
1264;738
1264;853
1264;1184
1264;1187
1264;1289
1265;799
1265;841
1265;885
1265;1113
1265;1118
1266;86
1266;468
1266;592
1266;1290
1266;1362
1267;128
1267;921
1267;987
1267;1207
1267;1431
1268;84
1268;172
1268;298
1268;410
1268;575
1268;579
1268;915
1268;944
1269;188
1269;501
1269;626
1269;801
1269;907
1269;1157
1270;48
1270;447
1270;563
1270;642
1270;1011
1270;1357
1271;64
1271;703
1271;734
1271;1036
1271;1042
1271;1309
1271;1479
1272;304
1272;750
1272;1066
1272;1104
1272;1338
1273;126
1273;524
1273;593
1273;656
1273;704
1273;706
1273;869
1273;967
1273;1222
1273;1430
1274;165
1274;789
1274;817
1274;889
1274;1012
1274;1223
1274;1326
1274;1398
1274;1449
1275;280
1275;291
1275;460
1275;531
1275;600
1275;646
1275;895
1275;1181
1275;1391
1276;26
1276;157
1276;190
1276;717
1276;774
1276;879
1276;1107
1276;1192
1277;334
1277;472
1277;529
1277;807
1277;1057
1278;88
1278;120
1278;320
1278;665
1278;854
1278;1422
1278;1454
1279;34
1279;712
1279;941
1279;964
1279;1464
1280;122
1280;355
1280;699
1280;831
1280;859
1280;944
1280;1048
1281;47
1281;88
1281;199
1281;206
1281;246
1281;555
1281;626
1281;922
1281;1239
1281;1439
1281;1444
1282;58
1282;275
1282;770
1282;938
1282;1046
1282;1099
1283;844
1283;1066
1284;834
1285;105
1285;159
1285;370
1285;416
1285;470
1285;676
1285;938
1285;972
1285;1176
1285;1396
1285;1405
1286;8
1286;721
1286;766
1286;969
1286;1005
1286;1375
1286;1479
1286;1492
1287;28
1287;361
1287;646
1287;707
1287;757
1287;986
1287;1018
1287;1019
1287;1116
1288;444
1288;518
1288;794
1288;1121
1288;1138
1288;1145
1288;1154
1288;1378
1289;563
1289;714
1289;959
1289;1104
1289;1202
1290;24
1290;96
1290;109
1290;218
1290;589
1290;828
1290;885
1290;1059
1290;1137
1291;326
1291;446
1291;462
1291;652
1291;839
1291;1022
1291;1338
1292;66
1292;85
1292;238
1292;585
1292;742
1292;942
1292;977
1292;1088
1292;1202
1292;1346
1292;1420
1293;47
1293;222
1293;406
1293;561
1293;1017
1293;1096
1293;1146
1293;1154
1293;1327
1293;1362
1294;189
1294;237
1294;1116
1294;1141
1294;1144
1294;1215
1294;1273
1294;1458
1295;105
1295;526
1295;793
1295;955
1295;1133
1295;1157
1295;1299
1295;1424
1296;138
1296;241
1296;361
1296;393
1296;493
1296;502
1296;596
1297;447
1297;784
1297;1134
1297;1141
1297;1361
1297;1416
1298;61
1298;609
1298;1000
1298;1489
1299;20
1299;752
1299;858
1299;1000
1299;1064
1299;1160
1299;1451
1300;176
1300;305
1300;458
1300;878
1300;1000
1300;1003
1300;1036
1301;781
1301;1282
1302;275
1302;789
1303;112
1303;618
1303;1187
1303;1418
1303;1427
1304;54
1304;103
1304;254
1304;448
1304;776
1304;838
1304;1080
1304;1463
1304;1480
1304;1488
1305;16
1305;211
1305;337
1305;339
1305;340
1305;437
1305;732
1305;874
1305;947
1305;991
1305;1122
1305;1201
1306;217
1306;307
1306;347
1306;403
1306;484
1306;527
1306;573
1306;952
1306;1176
1306;1228
1306;1360
1307;919
1307;1313
1308;240
1308;330
1308;544
1308;775
1308;1136
1308;1185
1308;1305
1309;125
1309;302
1309;389
1309;394
1309;644
1309;1107
1309;1412
1309;1415
1310;189
1310;945
1310;980
1310;1311
1311;53
1311;507
1311;596
1312;131
1312;292
1312;421
1312;497
1312;564
1312;698
1312;820
1312;1007
1312;1033
1312;1183
1313;244
1313;588
1313;677
1313;910
1313;931
1313;1033
1313;1437
1314;168
1314;198
1314;363
1314;741
1315;339
1315;363
1315;413
1315;788
1315;1216
1315;1330
1316;128
1316;378
1316;550
1316;797
1316;929
1316;1020
1316;1405
1317;95
1317;588
1317;871
1317;951
1317;1240
1317;1376
1318;213
1318;466
1318;532
1318;630
1318;821
1318;842
1318;894
1318;1204
1318;1206
1318;1260
1318;1356
1319;418
1319;812
1319;1129
1319;1416
1319;1446
1320;382
1320;679
1320;691
1320;779
1320;1186
1320;1388
1321;108
1321;270
1321;420
1321;651
1321;873
1321;1232
1322;160
1322;301
1322;426
1322;902
1322;1391
1322;1403
1322;1468
1323;126
1323;525
1323;714
1323;878
1323;945
1323;1316
1324;7
1324;118
1324;653
1324;753
1324;1380
1324;1468
1325;63
1325;74
1325;163
1325;246
1325;292
1325;319
1325;386
1325;468
1325;547
1325;848
1325;1427
1326;174
1326;195
1326;470
1326;503
1326;656
1326;741
1326;851
1326;881
1326;1125
1326;1157
1326;1158
1326;1285
1327;96
1327;448
1327;694
1327;711
1327;913
1327;1380
1328;19
1328;204
1328;334
1328;614
1328;805
1328;1255
1328;1264
1328;1311
1329;52
1329;135
1329;253
1329;966
1329;1386
1330;617
1330;775
1330;1249
1330;1259
1330;1270
1331;111
1331;540
1331;645
1331;688
1331;1141
1331;1371
1332;208
1332;758
1332;773
1332;1099
1333;87
1333;232
1333;309
1333;389
1333;410
1333;601
1333;841
1333;1069
1333;1367
1334;194
1334;417
1334;466
1334;1255
1334;1388
1335;100
1335;201
1335;938
1335;1280
1335;1340
1336;224
1336;463
1336;469
1336;472
1336;488
1336;540
1336;1035
1336;1092
1336;1139
1336;1151
1337;43
1337;131
1337;325
1337;341
1337;680
1337;694
1337;698
1337;832
1337;1044
1337;1208
1338;92
1338;110
1338;344
1338;1113
1338;1136
1339;221
1339;411
1339;846
1339;1301
1340;185
1340;241
1340;533
1340;633
1340;829
1340;1199
1340;1300
1340;1426
1341;29
1341;310
1341;771
1341;811
1341;1026
1341;1159
1341;1360
1341;1446
1342;298
1342;370
1342;668
1342;753
1342;1132
1342;1333
1342;1448
1342;1480
1343;114
1343;200
1343;510
1343;588
1343;676
1343;769
1343;856
1343;1055
1343;1278
1343;1404
1343;1495
1344;144
1344;523
1344;556
1344;558
1344;713
1344;731
1344;777
1344;1372
1345;150
1345;171
1345;518
1345;615
1345;684
1345;846
1345;971
1345;1222
1346;112
1346;160
1346;252
1346;391
1346;449
1346;494
1346;704
1346;763
1346;933
1346;1056
1346;1124
1346;1414
1347;12
1347;199
1347;735
1347;1023
1347;1267
1348;267
1348;268
1348;309
1348;392
1348;394
1348;757
1348;1320
1348;1406
1348;1488
1349;29
1349;560
1349;600
1349;1248
1350;576
1350;1023
1351;136
1351;313
1351;493
1351;976
1351;995
1351;1142
1351;1302
1351;1485
1352;396
1352;448
1352;575
1352;755
1352;968
1352;1037
1352;1171
1352;1258
1352;1346
1353;80
1353;136
1353;485
1353;601
1353;913
1353;1147
1353;1203
1354;186
1354;335
1354;395
1354;849
1355;46
1355;94
1355;148
1355;390
1355;500
1355;710
1355;732
1355;1077
1356;5
1356;284
1356;657
1356;832
1356;1022
1356;1175
1356;1290
1356;1446
1357;113
1357;162
1357;394
1357;574
1357;577
1357;777
1357;975
1357;1029
1357;1052
1358;191
1358;286
1358;592
1358;820
1358;997
1358;1137
1359;64
1359;443
1359;465
1359;598
1359;892
1359;984
1359;1020
1360;559
1360;992
1360;1453
1361;316
1361;811
1362;131
1362;293
1362;765
1362;817
1362;944
1362;966
1363;262
1363;384
1363;555
1363;956
1363;1277
1363;1421
1364;11
1364;69
1364;493
1364;576
1364;711
1364;798
1364;927
1364;1363
1364;1434
1365;93
1365;907
1365;1012
1365;1054
1365;1099
1365;1111
1365;1431
1366;672
1366;693
1366;1097
1366;1143
1366;1288
1367;97
1367;171
1367;754
1367;933
1367;1154
1367;1172
1368;165
1368;177
1368;358
1368;619
1368;751
1368;877
1368;933
1368;1265
1368;1277
1369;331
1369;457
1369;682
1369;737
1369;1176
1369;1212
1369;1330
1369;1372
1369;1431
1370;352
1370;571
1370;598
1370;735
1370;763
1370;784
1370;944
1371;6
1371;89
1371;415
1371;576
1371;880
1372;286
1372;936
1372;1465
1373;45
1373;198
1373;305
1373;1278
1373;1315
1373;1357
1373;1362
1373;1390
1373;1488
1374;3
1374;52
1374;289
1374;569
1374;653
1374;714
1374;873
1374;909
1374;1339
1375;385
1375;562
1375;635
1375;680
1375;771
1375;893
1375;993
1375;1145
1375;1352
1376;131
1376;252
1376;391
1376;438
1376;522
1376;1227
1376;1254
1376;1477
1377;36
1377;176
1377;816
1377;1008
1377;1038
1378;142
1378;194
1378;316
1378;526
1378;552
1378;722
1378;1037
1378;1427
1379;100
1379;320
1379;520
1379;571
1379;743
1379;773
1379;859
1379;958
1379;961
1379;1004
1379;1227
1379;1343
1379;1449
1380;191
1380;801
1380;1069
1380;1191
1380;1383
1381;446
1381;1070
1381;1118
1381;1150
1381;1477
1382;136
1382;533
1382;688
1382;776
1382;850
1382;961
1382;1340
1382;1452
1383;393
1383;457
1383;506
1383;943
1383;1132
1383;1437
1384;47
1384;128
1384;467
1384;487
1384;674
1384;962
1384;1378
1384;1407
1385;155
1385;406
1385;481
1385;853
1385;862
1385;1325
1385;1378
1385;1456
1386;146
1386;182
1386;294
1386;401
1386;455
1386;803
1386;832
1386;833
1386;1144
1386;1248
1386;1312
1387;131
1387;143
1387;254
1387;296
1387;550
1387;1178
1387;1298
1387;1322
1387;1480
1388;8
1388;238
1388;250
1388;479
1388;517
1388;839
1388;1020
1388;1058
1388;1337
1388;1473
1389;137
1389;412
1389;793
1390;63
1390;151
1390;323
1390;325
1390;773
1390;1107
1390;1370
1391;143
1391;171
1391;391
1391;395
1391;516
1391;517
1391;573
1391;744
1391;1161
1391;1310
1391;1319
1392;96
1392;101
1392;178
1392;283
1392;334
1392;657
1392;1135
1392;1324
1392;1429
1393;147
1393;231
1393;310
1393;605
1393;715
1393;794
1393;979
1393;1123
1393;1167
1394;57
1394;135
1394;152
1394;213
1394;749
1394;893
1394;948
1394;1012
1394;1028
1394;1082
1394;1221
1395;141
1395;224
1395;350
1395;739
1395;1246
1395;1499
1396;216
1396;544
1396;618
1396;907
1396;1179
1396;1373
1396;1391
1396;1432
1396;1460
1397;5
1397;253
1397;273
1397;276
1397;358
1397;700
1397;761
1397;1009
1397;1067
1398;743
1398;896
1398;1043
1398;1117
1398;1466
1398;1484
1399;95
1399;147
1399;179
1399;218
1399;460
1399;496
1399;720
1399;1131
1400;111
1400;187
1400;296
1400;545
1400;644
1400;769
1400;785
1400;836
1400;892
1400;1074
1400;1337
1400;1475
1400;1492
1401;224
1401;235
1401;635
1401;705
1401;726
1401;795
1401;1283
1402;368
1402;395
1402;491
1402;581
1402;588
1402;1295
1402;1314
1403;51
1403;150
1403;374
1403;676
1403;716
1403;761
1403;851
1403;1257
1404;375
1404;414
1404;611
1404;923
1404;942
1404;1117
1404;1193
1404;1360
1404;1413
1405;10
1405;422
1405;1100
1405;1313
1406;63
1406;446
1406;679
1406;1277
1406;1281
1406;1487
1407;210
1407;642
1407;700
1407;757
1407;1179
1407;1347
1408;647
1408;733
1408;766
1408;1008
1408;1135
1408;1211
1408;1478
1409;13
1409;226
1409;341
1409;920
1409;950
1409;1016
1410;148
1410;224
1410;245
1410;332
1410;723
1410;829
1410;976
1410;1074
1410;1084
1410;1128
1410;1296
1410;1329
1410;1418
1411;312
1411;355
1411;461
1411;665
1411;1057
1411;1111
1411;1353
1412;273
1412;555
1412;601
1412;815
1412;937
1412;1044
1412;1379
1412;1419
1412;1429
1413;334
1413;343
1413;416
1413;660
1413;1019
1413;1133
1413;1290
1413;1339
1413;1402
1413;1442
1413;1455
1414;52
1414;463
1414;580
1415;60
1415;287
1415;837
1415;1427
1416;77
1416;231
1416;684
1416;911
1416;1226
1417;31
1417;175
1417;196
1417;471
1417;568
1417;573
1417;1035
1417;1181
1417;1246
1417;1477
1418;223
1418;505
1418;522
1418;600
1418;775
1418;987
1419;475
1419;482
1419;488
1419;604
1419;642
1419;851
1419;1097
1419;1132
1420;57
1420;141
1420;353
1420;736
1420;1345
1420;1365
1421;51
1421;98
1421;154
1421;774
1421;1052
1421;1125
1421;1303
1421;1412
1421;1413
1422;34
1422;84
1422;254
1422;257
1422;644
1422;744
1422;1273
1422;1452
1423;213
1423;494
1423;1173
1423;1204
1423;1233
1423;1489
1424;290
1424;796
1424;1008
1424;1022
1424;1060
1424;1173
1424;1237
1424;1376
1424;1400
1424;1409
1425;63
1425;154
1425;393
1425;613
1425;625
1425;666
1425;755
1425;1138
1425;1336
1425;1377
1426;41
1426;46
1426;619
1426;702
1426;737
1426;802
1426;1117
1426;1414
1427;381
1427;963
1427;979
1427;1024
1427;1159
1428;219
1428;354
1428;665
1428;829
1428;1086
1428;1477
1429;139
1429;206
1429;353
1429;657
1429;694
1429;1402
1430;35
1430;397
1430;467
1430;526
1430;1051
1430;1170
1430;1222
1431;57
1431;338
1431;424
1431;599
1431;862
1431;919
1431;1118
1431;1401
1432;27
1432;62
1432;287
1432;536
1432;634
1432;724
1432;824
1432;848
1432;879
1432;963
1432;1035
1433;75
1433;95
1433;415
1433;497
1433;615
1433;781
1434;265
1434;307
1434;523
1434;755
1434;994
1434;1245
1434;1315
1434;1480
1435;21
1435;75
1435;176
1435;209
1435;263
1435;404
1435;672
1435;1015
1435;1022
1435;1078
1435;1093
1436;214
1436;488
1436;620
1436;754
1436;839
1436;847
1436;887
1436;906
1436;1004
1436;1082
1436;1307
1437;269
1437;612
1437;632
1437;1113
1437;1310
1437;1365
1437;1396
1437;1438
1437;1449
1437;1462
1438;15
1438;46
1438;62
1438;135
1438;461
1439;564
1439;674
1439;714
1439;909
1439;1019
1439;1094
1439;1112
1439;1206
1439;1327
1439;1471
1440;134
1440;339
1440;942
1440;1005
1440;1022
1440;1111
1440;1128
1440;1156
1441;1067
1441;1104
1442;410
1442;444
1442;889
1442;1234
1443;43
1443;98
1443;282
1443;483
1443;484
1443;584
1443;1207
1443;1270
1443;1400
1444;241
1444;253
1444;440
1444;732
1444;1234
1444;1426
1445;19
1445;55
1445;230
1445;450
1445;509
1445;531
1445;773
1445;1101
1445;1279
1446;256
1446;445
1446;698
1446;882
1446;959
1446;1004
1446;1127
1447;22
1447;24
1447;193
1447;395
1447;453
1447;464
1447;810
1447;987
1447;1046
1447;1312
1447;1434
1448;3
1448;332
1448;470
1448;623
1448;800
1448;826
1448;1031
1448;1126
1448;1263
1448;1432
1449;9
1449;381
1449;454
1449;682
1449;703
1449;1012
1449;1162
1449;1320
1450;20
1450;64
1450;89
1450;93
1450;327
1450;399
1450;442
1450;528
1450;566
1450;709
1450;822
1450;938
1450;1141
1450;1169
1450;1217
1450;1324
1450;1370
1451;75
1451;303
1451;674
1451;729
1451;1133
1451;1356
1452;30
1452;371
1452;430
1452;1075
1452;1280
1452;1328
1452;1334
1452;1408
1453;55
1453;699
1454;324
1454;352
1454;365
1454;441
1454;502
1454;663
1454;916
1454;1164
1454;1323
1454;1325
1454;1349
1455;6
1455;110
1455;182
1455;386
1455;457
1455;556
1455;860
1455;900
1455;1087
1455;1131
1455;1493
1456;82
1456;146
1456;622
1456;777
1456;802
1456;906
1456;951
1457;383
1457;456
1457;794
1457;1346
1457;1404
1458;238
1458;386
1458;566
1458;669
1458;1129
1458;1165
1459;312
1459;607
1459;640
1459;812
1459;856
1459;902
1459;951
1459;989
1459;1000
1459;1256
1460;33
1460;54
1460;350
1460;362
1460;380
1460;500
1460;836
1460;1201
1460;1269
1460;1479
1461;83
1461;335
1461;425
1461;659
1461;884
1461;1147
1461;1250
1461;1327
1462;86
1462;126
1462;419
1462;767
1462;1064
1462;1187
1462;1214
1462;1251
1462;1346
1462;1365
1463;41
1463;54
1463;93
1463;200
1463;482
1463;741
1463;748
1463;817
1463;837
1463;937
1463;1076
1463;1453
1464;470
1464;507
1464;1087
1464;1288
1464;1317
1465;107
1465;444
1465;947
1465;1071
1465;1318
1465;1364
1466;191
1466;226
1466;254
1466;1240
1466;1450
1467;390
1467;534
1467;857
1467;892
1467;927
1467;984
1467;1002
1467;1403
1468;150
1468;406
1468;434
1468;527
1468;736
1468;809
1468;900
1468;956
1468;1047
1468;1099
1468;1110
1468;1236
1469;56
1469;619
1469;778
1469;935
1469;1391
1470;84
1470;171
1470;186
1470;398
1470;617
1470;970
1470;1151
1470;1469
1470;1493
1472;100
1472;140
1472;173
1472;639
1472;835
1472;927
1472;942
1473;143
1473;219
1473;221
1473;767
1473;903
1473;1108
1473;1324
1474;31
1474;888
1474;1111
1474;1290
1474;1317
1474;1492
1475;199
1475;724
1475;740
1475;818
1475;930
1476;114
1476;118
1476;570
1476;627
1476;650
1476;1074
1476;1108
1476;1233
1476;1348
1476;1379
1476;1467
1476;1482
1477;93
1477;878
1477;1120
1478;61
1478;259
1478;350
1478;375
1478;665
1478;1089
1478;1161
1478;1269
1478;1422
1478;1489
1479;21
1479;45
1479;70
1479;204
1479;230
1479;285
1479;442
1479;883
1479;1323
1480;354
1480;358
1480;402
1480;495
1480;525
1480;555
1480;767
1480;900
1480;1360
1480;1398
1480;1463
1481;267
1481;606
1481;1191
1481;1326
1482;178
1482;346
1482;435
1482;958
1482;1122
1482;1229
1482;1424
1482;1470
1483;148
1483;744
1483;799
1483;931
1483;1300
1484;577
1484;604
1484;809
1484;858
1484;1008
1484;1063
1484;1182
1484;1249
1485;755
1485;903
1485;990
1485;993
1485;1094
1485;1201
1485;1207
1485;1260
1486;331
1486;500
1486;588
1486;770
1486;1202
1487;364
1487;424
1487;814
1487;1261
1487;1280
1487;1283
1488;316
1488;535
1488;569
1488;652
1488;783
1488;969
1488;1031
1488;1138
1489;19
1489;202
1489;234
1489;358
1489;372
1489;452
1489;481
1489;754
1489;1136
1489;1298
1489;1402
1490;938
1490;1489
1491;37
1491;182
1491;212
1491;668
1491;1141
1491;1280
1491;1384
1492;49
1492;159
1492;231
1492;339
1492;354
1492;358
1492;629
1492;792
1492;987
1492;1017
1492;1151
1492;1307
1492;1483
1493;1
1493;133
1493;719
1493;737
1493;995
1493;1062
1493;1184
1493;1265
1493;1321
1494;550
1494;593
1494;680
1494;687
1494;1294
1495;83
1495;167
1495;193
1495;432
1495;558
1495;771
1495;1251
1496;1212
1496;1298
1496;1441
1497;92
1497;551
1497;1063
1497;1078
1497;1295
1498;42
1498;51
1498;640
1498;834
1498;837
1498;885
1498;950
1498;957
1499;455
1499;458
1499;726
1499;835
1499;949
1499;1015
1499;1048
1499;1107
1499;1147
1499;1214
