2953
5
144
148
265
346
399
439
520
530
604
613
739
874
949
952
1020
1031
1107
1171
1280
1292
1304
1403
1405
1435
1461
1616
1651
1841
1956
1973
2105
2109
2200
2210
2269
2271
2401
2425
2429
2461
2503
2562
2576
2591
2619
2739
2747
2913
2943
164
291
388
438
448
513
528
563
707
714
760
791
831
907
1026
1164
1182
1192
1202
1236
1422
1529
1594
1629
1649
1666
1803
1810
1845
1863
1897
1898
1969
2318
2417
2555
2715
2798
2801
2940
114
116
158
163
210
250
367
409
700
704
951
1019
1151
1268
1326
1654
1674
1691
1836
1904
1954
2115
2217
2255
2353
2430
2450
2505
2669
2685
2689
2743
2758
2807
2857
206
476
590
624
806
1362
1757
1793
2035
2338
2434
2779
614
720
1404
2277
2983
443
842
1512
2366
959
2252
1208
