0;1
0;1
0;1
0;1
0;1
0;1
0;1
0;1
0;1
0;0
0;0
0;0
0;0
0;0
0;0
0;0
0;0
0;0
0;6
0;17
0;17
0;17
0;103
0;49
0;49
0;239
0;416
0;43
0;60
0;12
0;50
0;10
0;101
0;837
0;27
0;25
0;1483
0;266
1;2
1;1
1;1
1;1
1;0
1;0
1;10
1;24
1;24
1;700
2;0
2;0
2;0
2;0
2;0
2;0
2;0
2;0
2;0
2;0
2;0
2;0
2;0
2;0
2;0
2;0
2;0
2;1
2;1
2;1
2;1
2;1
2;1
2;1
2;1
2;1
2;1
2;1
2;1
2;1
2;1
2;1
2;1
2;1
2;1
2;1
2;1
2;1
2;1
2;1
2;1
2;1
2;1
2;1
2;1
2;1
2;1
2;1
2;1
2;8
2;8
2;8
2;8
2;8
2;17
2;17
2;25
2;25
2;25
2;25
2;28
2;28
2;28
2;28
2;54
2;54
2;54
2;54
2;11
2;11
2;11
2;43
2;43
2;24
2;24
2;24
2;209
2;204
2;243
2;79
2;3
2;332
2;101
2;101
2;6
2;6
2;40
2;2
2;613
2;669
2;145
2;770
2;425
2;349
2;23
2;49
2;1184
2;10
2;226
2;779
2;15
2;207
2;42
2;1844
2;267
2;61
2;1817
2;2204
2;550
2;2344
2;761
3;1
3;1
3;1
3;1
3;1
3;1
3;1
3;1
3;1
3;1
3;1
3;1
3;33
3;0
3;0
3;0
3;0
3;0
3;0
3;0
3;0
3;0
3;17
3;17
3;8
3;98
3;28
3;85
3;6
3;6
3;3
3;44
3;21
3;42
3;603
3;48
3;48
3;777
3;1126
3;477
3;54
3;1618
3;61
3;2375
4;1
4;1
4;1
4;1
4;1
4;1
4;1
4;1
4;1
4;1
4;1
4;1
4;1
4;1
4;1
4;1
4;1
4;1
4;1
4;1
4;1
4;1
4;1
4;1
4;1
4;1
4;1
4;1
4;1
4;1
4;1
4;1
4;1
4;1
4;3
4;3
4;0
4;0
4;0
4;0
4;0
4;0
4;0
4;0
4;0
4;0
4;0
4;0
4;0
4;0
4;0
4;0
4;0
4;0
4;0
4;0
4;0
4;6
4;6
4;6
4;31
4;31
4;44
4;17
4;17
4;26
4;26
4;26
4;4
4;4
4;4
4;24
4;24
4;24
4;128
4;194
4;246
4;346
4;101
4;101
4;119
4;119
4;119
4;415
4;390
4;154
4;54
4;54
4;54
4;272
4;272
4;782
4;515
4;145
4;145
4;8
4;8
4;118
4;13
4;13
4;1210
4;1289
4;187
4;69
4;123
4;23
4;1500
4;1595
4;56
4;164
4;1778
4;1286
4;1286
4;21
4;112
4;1460
4;108
4;48
4;2226
4;33
4;830
4;970
4;1621
4;892
5;0
5;0
5;0
5;3
5;3
5;1
5;1
5;1
5;1
5;1
5;1
5;82
5;31
5;140
5;140
5;102
5;123
5;17
5;17
5;272
5;13
5;56
5;56
5;56
5;353
5;58
5;58
5;483
5;354
5;118
5;668
5;709
5;54
5;487
5;121
5;121
5;990
5;46
5;180
5;25
5;6
5;1228
5;1503
5;2
6;1
6;1
6;1
6;1
6;1
6;1
6;1
6;1
6;1
6;0
6;0
6;0
6;0
6;0
6;0
6;0
6;0
6;0
6;0
6;0
6;11
6;118
6;42
6;21
6;21
6;49
6;13
6;205
6;194
6;459
6;4
6;4
6;4
6;25
6;570
6;145
6;145
6;145
6;81
6;670
6;73
6;354
6;884
6;607
6;17
6;239
6;893
6;56
6;1173
6;817
6;395
6;24
6;31
6;1660
6;1485
6;26
6;953
6;2283
6;695
6;1336
7;0
7;0
7;17
7;85
9;1
9;1
9;1
9;1
9;1
9;1
9;1
9;13
9;0
9;0
9;0
9;0
9;0
9;0
9;24
9;6
9;117
9;49
9;134
9;272
9;272
9;151
9;392
9;780
9;25
9;520
9;628
9;48
9;508
9;240
9;1622
9;118
9;140
9;239
10;1
10;1
10;1
10;1
10;0
10;0
10;0
10;246
10;73
10;21
10;205
10;209
10;180
10;695
10;772
10;8
11;1
11;1
11;1
11;0
11;0
12;0
12;95
12;145
12;1
12;128
13;1
13;1
13;1
13;1
13;1
13;1
13;50
13;17
13;0
13;517
13;19
13;79
14;1
14;1
14;1
14;1
14;1
14;1
14;1
14;1
14;1
14;1
14;1
14;0
14;0
14;0
14;0
14;0
14;42
14;85
14;10
14;695
14;6
14;274
14;817
14;425
14;145
14;145
14;54
14;628
14;2031
14;48
15;13
15;1
15;1
15;1838
15;947
16;1
16;1
16;1
16;1
16;1
16;1
16;1
16;1
16;1
16;1
16;1
16;1
16;6
16;11
16;28
16;21
16;17
16;17
16;48
16;782
16;895
16;0
16;0
16;0
16;0
16;0
16;1460
16;26
16;96
16;2075
16;25
16;620
16;205
16;15
18;0
18;1
19;3
19;0
19;0
19;0
19;1
19;1
19;1
19;1
19;1
19;28
19;25
19;26
19;221
19;233
19;56
19;1171
19;1759
19;54
19;613
20;1
20;1
20;1
20;21
20;60
20;619
20;1644
21;1
21;123
21;13
22;0
22;0
22;0
22;0
22;0
22;0
22;1
22;1
22;1
22;1
22;1
22;1
22;130
22;607
22;714
22;833
22;267
22;267
22;215
22;6
22;522
22;2130
22;85
23;19
23;4
23;4
23;23
23;1
23;1
23;1
23;26
23;101
23;54
23;0
23;1505
23;25
23;1841
23;1669
24;8
24;0
26;0
26;0
26;0
26;0
26;0
26;291
26;40
26;73
26;102
26;239
26;21
26;1393
26;1
26;30
27;1
27;21
28;0
28;0
28;0
28;0
28;0
28;0
28;2
28;1
28;1
28;1
28;1
28;1
28;1
28;1
28;1
28;1
28;4
28;73
28;206
28;206
28;26
28;3
28;3
28;21
28;31
28;31
28;48
28;647
28;151
28;311
28;101
28;101
28;1752
28;49
28;17
28;665
28;2362
29;1
29;0
29;0
29;0
29;0
29;119
30;1
30;1
30;1
30;1
30;6
30;6
30;24
30;950
30;545
30;0
30;159
32;1
32;1
32;0
32;167
32;42
34;1
34;1
34;1
34;1
34;1
34;0
34;0
34;0
34;8
34;3
34;390
34;123
34;123
34;613
34;416
34;520
34;1048
34;48
34;651
35;8
35;0
35;0
35;79
35;17
35;149
35;25
36;0
36;0
36;0
36;0
36;0
36;1
36;1
36;1
36;1
36;1
36;1
36;1
36;191
36;285
36;101
36;3
36;3
36;96
36;1072
36;833
36;151
36;1264
36;1460
36;10
36;48
36;221
36;6
36;1039
36;938
37;0
37;0
37;0
37;40
37;249
37;28
37;26
37;1
37;531
38;1
38;1
38;1
38;1
38;1
38;1
38;1
38;1
38;1
38;17
38;33
38;123
38;24
38;19
38;0
38;0
38;0
38;0
38;21
38;272
38;1374
38;108
38;164
38;2000
38;26
38;54
38;306
38;25
39;0
39;0
39;8
39;1089
39;3
39;1050
41;26
41;96
41;1
41;1
41;1
41;44
41;44
41;175
41;0
41;1161
41;1957
43;0
45;0
45;405
46;1
46;1
46;0
46;118
46;764
46;962
46;33
47;1
47;1
47;1
47;0
47;0
47;101
47;24
47;6
47;6
47;34
47;26
47;13
47;1916
47;1460
47;2217
48;0
48;0
48;1
48;164
49;0
49;0
49;0
49;0
49;1
49;1
49;1
49;1
49;1
49;1
49;1
49;1
49;56
49;56
49;323
49;54
49;548
49;140
49;722
49;4
49;906
49;1653
49;28
49;19
49;1813
49;13
49;633
49;101
49;2399
50;1
50;1
50;1
50;6
50;0
50;613
51;1
51;0
51;96
51;21
51;13
52;0
52;0
52;0
52;0
52;0
52;0
52;54
52;13
52;10
52;85
52;42
52;19
52;460
52;1210
52;1
52;115
52;25
52;28
52;367
52;73
53;0
53;79
53;1
53;34
53;28
53;703
53;550
53;25
53;596
53;118
53;145
53;597
53;151
55;13
55;54
55;28
55;56
55;8
56;6
56;0
57;0
57;0
57;130
57;145
58;1
58;1
58;1
58;1
58;1
58;1
58;207
58;0
58;0
58;0
58;0
58;0
58;3
58;96
58;145
58;4
58;673
58;940
58;164
58;695
58;24
58;26
58;387
58;827
58;17
58;243
58;807
59;1
59;1
59;1
59;1
59;1
59;73
59;33
59;10
59;48
59;0
59;6
59;13
59;13
59;1780
59;1404
59;2245
60;10
60;523
60;25
61;25
61;0
61;0
61;0
61;6
61;1
61;8
61;31
61;123
61;962
62;1
62;1
62;1
62;1
62;0
62;0
62;6
62;17
62;17
62;17
62;28
62;25
62;340
62;21
62;4
62;33
62;34
62;123
62;560
62;101
62;633
62;1962
62;31
62;69
62;24
63;1
63;85
64;27
64;25
64;235
64;10
64;1
64;0
64;17
65;17
65;149
66;42
66;1
66;1
66;512
67;15
67;96
67;96
67;1
67;1
67;145
67;0
67;0
67;0
67;42
67;2049
68;6
68;6
68;1
68;1
68;1
68;387
68;206
68;85
69;1
69;41
70;0
70;73
71;1
71;1
71;24
71;0
71;267
71;4
72;21
72;21
72;214
72;1
72;13
72;289
72;550
72;19
72;33
73;56
73;140
73;1
74;28
74;1
74;1
74;1
74;54
74;0
74;13
75;56
75;0
75;0
75;17
75;1
75;1
75;698
75;40
75;1503
75;2262
76;1
76;1
76;1
76;0
76;389
77;0
77;0
77;0
77;1
77;1
77;1
77;4
77;115
77;469
78;0
80;0
80;0
80;0
80;0
80;0
80;0
80;54
80;1
80;1
80;1
80;1
80;1
80;13
80;33
80;267
80;123
80;4
80;367
80;515
80;48
80;599
80;691
80;429
80;180
80;6
80;11
80;1653
81;1
81;149
82;0
82;0
82;822
83;17
83;13
83;119
84;4
84;1
84;1
84;1
84;1
84;1
84;1
84;1
84;0
84;0
84;0
84;0
84;81
84;707
84;28
84;48
84;1129
84;418
84;138
85;3
85;1
86;0
86;0
86;0
86;17
86;17
86;17
86;17
86;4
86;237
86;523
86;1
86;1
86;6
86;8
86;8
86;58
86;119
87;1
87;0
88;1
88;1
88;1
88;42
88;3
89;24
89;24
89;54
89;25
89;123
89;123
89;226
89;28
89;95
89;33
89;4
89;21
90;3
90;56
90;1
90;1378
90;0
91;4
91;1
91;1
91;1
91;1
91;13
91;187
91;855
91;267
91;26
91;0
91;8
91;639
92;0
92;0
92;21
92;1
92;1
92;1
92;1
92;19
93;0
93;0
93;0
93;0
93;1
93;1
93;145
93;274
94;3
94;0
94;101
94;8
94;1
94;498
94;19
97;13
98;0
98;8
99;10
100;0
100;0
100;507
100;42
100;13
100;1860
102;6
102;6
102;42
102;0
102;0
102;0
102;0
102;54
102;93
102;123
102;17
102;1547
102;1462
102;387
102;40
102;332
102;1
103;1
103;1
103;93
103;58
104;25
104;121
104;1124
104;0
104;913
105;56
106;1
106;1
106;25
107;13
107;0
107;0
107;4
107;73
107;8
107;26
107;1
108;49
108;1
108;1
109;1
109;1
109;1
109;1
109;1
109;13
109;0
109;101
109;42
109;6
109;17
109;531
110;54
110;54
110;44
110;1
110;1
110;1
110;1
110;145
110;3
110;3
110;25
110;25
110;387
110;34
110;0
110;0
110;17
110;33
110;1956
110;26
110;48
111;27
111;54
111;6
111;1115
111;49
111;272
112;1
113;0
113;0
113;0
113;0
113;464
113;243
113;33
113;1
113;1
113;1
114;13
114;58
114;27
114;79
114;0
114;1
114;1
114;730
114;266
115;54
115;21
115;0
115;1
115;2240
116;1
116;570
116;1161
116;123
116;48
116;0
116;0
117;33
119;1
120;42
120;17
120;17
120;0
120;0
120;85
120;13
120;25
120;96
120;96
120;1
120;1
121;17
121;17
121;1
121;31
121;145
122;42
123;1
124;1
125;0
125;990
126;50
126;1
126;1
126;1
126;1
126;1
126;1
126;1
126;3
126;0
126;0
126;0
126;123
126;24
126;54
126;272
126;140
126;13
126;21
127;1
127;85
127;40
127;607
127;246
128;26
128;21
129;54
129;0
129;226
130;17
130;1
130;0
130;3
131;17
131;1
131;1
131;1
131;1
131;33
131;0
131;0
131;0
131;0
131;26
131;3
131;145
131;49
131;6
131;1492
131;714
132;0
132;10
132;28
133;0
133;0
133;1
133;8
133;187
133;860
133;418
134;0
135;1
135;1
135;1
135;1
135;0
135;0
135;0
135;0
135;0
135;0
135;214
135;509
135;990
135;33
135;50
135;1950
135;2191
136;58
136;338
136;6
136;6
136;0
136;0
136;26
136;205
136;95
136;266
136;272
136;1
136;2387
137;1
137;703
137;668
138;28
138;762
138;0
138;0
138;442
139;1
139;17
141;4
141;54
141;1
141;1008
142;1
142;1
142;0
142;2299
143;56
143;4
143;206
143;1
143;1
143;17
144;3
145;0
146;54
147;4
147;272
147;73
147;13
147;537
147;42
147;1
147;0
147;140
147;25
148;0
148;0
148;17
148;17
148;21
148;127
148;1065
148;1582
148;2048
148;18
148;44
149;8
149;1
149;17
149;4
150;34
151;56
151;101
151;187
151;151
151;40
151;1
151;1
151;54
151;1951
152;140
152;2
152;2
152;477
152;1
152;131
152;1423
152;50
152;1937
152;1955
152;272
153;24
153;33
153;21
154;63
154;1
154;0
155;1
155;1
155;1
155;17
155;17
155;6
155;13
155;0
155;0
155;0
155;49
155;797
155;25
155;25
155;886
155;3
155;43
155;1042
156;33
156;13
156;1
156;1
156;710
156;2412
157;46
157;1
157;633
157;33
158;42
158;24
158;0
158;10
159;1
159;1
159;1
159;1
159;1
159;1
159;26
159;452
159;429
159;745
159;54
159;1177
159;1192
159;1987
159;0
159;33
160;0
160;0
160;596
160;1021
161;19
161;19
161;56
161;0
161;0
161;0
161;0
161;0
161;0
161;0
161;0
161;138
161;96
161;130
161;390
161;390
161;545
161;668
161;1
161;380
161;140
161;1607
161;17
161;54
161;42
161;58
162;1
162;1
162;13
162;69
162;2293
162;2457
163;0
164;24
164;241
164;0
164;1821
164;10
165;0
165;1
165;24
166;0
167;0
167;8
167;33
167;103
167;560
168;42
168;167
168;25
168;1
168;1
168;627
168;0
168;0
168;134
168;817
168;8
168;1369
169;0
169;0
169;1
169;54
170;61
170;4
170;21
170;0
170;0
170;463
170;267
170;1
170;42
171;1
172;33
172;130
172;442
172;4
172;4
172;0
172;0
172;1
172;1
172;1
172;1
172;1
172;1
172;13
172;1813
172;8
172;416
172;42
172;3
172;714
173;1
173;1
173;17
173;54
173;0
174;1
174;119
175;1
175;1
175;0
175;0
175;19
175;413
175;28
175;118
175;392
176;30
176;6
177;0
178;0
178;0
178;0
178;49
178;743
178;418
178;119
178;754
178;1
179;1
179;1
179;145
179;17
179;17
179;17
179;508
179;387
179;0
179;0
179;886
179;1203
179;42
179;683
179;1894
180;108
180;1
180;1
180;1
180;1
180;180
180;28
180;8
180;8
180;0
180;938
180;82
181;8
181;8
181;8
181;8
181;48
181;3
181;3
181;3
181;0
181;0
181;0
181;0
181;0
181;0
181;21
181;191
181;390
181;1
181;1
181;1
181;1
181;1
181;96
181;353
181;353
181;119
181;17
181;931
181;13
181;50
181;24
181;54
181;26
181;1189
181;58
181;696
182;0
182;54
182;54
182;112
182;33
182;17
182;6
182;1
182;834
182;8
182;1723
182;101
182;770
182;164
182;702
183;0
184;0
184;1
185;0
185;0
185;164
185;1
185;1780
185;460
186;58
187;1
187;1
187;1
187;25
187;1644
188;17
188;17
188;0
188;0
188;56
188;21
188;1
188;1
188;1
188;140
188;140
188;25
188;33
188;673
189;31
189;214
189;0
189;0
189;0
189;0
189;0
189;0
189;1
189;1
189;1
189;1
189;1
189;56
189;130
189;42
189;25
189;98
189;562
189;6
190;1
190;1
190;1
190;237
190;96
190;0
190;702
191;1
191;1
191;0
191;8
191;1841
192;1
192;73
192;21
192;970
192;145
193;68
194;0
194;323
194;73
195;1
195;33
195;0
196;1
197;49
197;6
197;130
197;130
197;779
197;0
197;0
197;1
198;119
198;1
198;1
198;33
199;24
199;1
199;1
199;1
199;1
199;1
199;1
199;1
199;17
199;145
199;145
199;0
199;0
199;6
199;42
199;888
199;66
199;1119
199;1518
199;1280
199;164
199;44
200;11
201;0
201;34
201;700
202;6
202;1
202;1
202;0
202;31
202;1144
203;3
203;3
203;0
203;41
203;58
203;28
203;54
203;4
204;6
204;25
204;25
204;73
204;8
204;1
204;3
204;207
204;0
204;0
204;164
204;714
204;926
204;1122
204;931
204;48
204;1894
204;1264
205;8
205;13
205;1
205;17
205;17
205;0
205;1486
205;1195
205;215
207;0
207;24
208;4
208;1223
208;2339
208;0
210;0
210;0
210;1
210;1
211;26
211;1
211;13
212;205
212;1
213;26
215;28
215;1
215;1
215;1930
216;1
216;1
216;215
216;145
216;272
216;0
217;1
217;1
218;140
218;459
218;1532
218;33
218;1
218;1
218;0
219;180
220;13
220;46
220;418
220;48
220;2167
221;73
221;0
222;128
223;54
223;73
224;151
224;1417
225;214
225;1
226;1
226;17
226;73
226;1485
227;6
228;73
229;1
230;0
230;0
230;1
230;24
231;1
231;1
231;21
231;702
231;266
232;3
232;1
233;1
233;1
233;13
233;2101
234;24
235;1
235;340
236;35
236;0
236;145
236;1
238;96
238;24
238;664
238;32
240;1
242;6
242;0
242;0
244;1
244;2107
245;0
245;123
247;0
247;0
247;3
247;206
248;134
248;130
250;3
250;1
250;0
250;911
250;2099
251;0
251;0
251;48
252;207
253;1
253;1
253;1
254;40
255;1
255;1
255;1
255;21
255;159
255;6
256;1
256;1
256;1
256;1
256;28
256;834
256;58
257;0
257;0
257;1
258;10
258;0
258;0
258;6
258;61
258;17
259;8
259;17
259;2193
260;98
260;17
261;21
261;0
261;554
261;115
261;1708
261;85
262;4
262;1939
263;194
263;56
263;1
263;33
264;11
264;54
265;42
265;205
266;95
267;260
267;0
267;24
267;837
268;0
268;0
268;0
268;54
268;42
268;272
269;3
269;28
269;24
269;1
269;4
270;10
270;706
271;1
271;1
271;1
271;130
271;266
271;346
271;779
271;246
271;1708
271;0
271;0
273;58
274;1
274;54
275;119
276;0
277;0
277;0
278;0
278;1
279;42
280;25
281;0
281;425
281;686
281;17
281;1
282;1
283;0
284;95
286;207
286;147
287;101
287;56
287;0
287;58
288;1
288;4
289;8
290;1
292;1
292;1
292;306
292;833
292;0
292;722
292;24
292;25
292;54
292;119
293;42
293;0
293;0
293;1
294;1
294;26
294;267
294;17
294;367
295;1
295;85
295;24
295;0
295;10
296;24
296;1
296;145
296;2104
297;1
297;1
298;1
299;4
299;12
299;164
299;1
299;3
299;40
300;1
300;1
301;0
301;85
301;1
302;26
303;1
303;2
303;596
304;115
304;0
304;1
304;725
305;0
305;0
305;28
305;15
305;8
306;1
306;0
306;95
307;9
307;259
307;1
307;1
307;1
307;1
307;1
307;0
307;123
307;976
307;13
307;338
308;0
308;151
309;1
309;1
309;33
310;1
310;140
310;0
311;17
312;17
312;17
312;85
313;108
314;1
314;1
315;1
315;1
315;1
315;21
315;0
315;49
315;49
316;138
316;555
316;73
316;0
317;0
318;0
318;0
318;952
319;0
319;2
319;1
319;285
319;175
319;10
319;44
320;0
321;46
322;207
322;0
322;1
322;1089
323;0
324;4
324;12
325;48
325;1
325;33
326;1
327;56
327;3
328;272
328;26
329;54
330;4
331;0
331;1
333;0
333;0
333;463
333;1
333;1
333;28
333;13
333;24
333;603
333;25
334;1
334;1
334;1
334;69
334;453
334;650
334;13
334;13
334;54
334;49
334;18
334;380
334;101
334;0
335;10
336;13
336;2291
337;0
337;923
339;1
339;453
341;4
341;0
342;0
343;26
343;512
343;13
343;0
344;140
345;8
345;21
345;123
345;17
345;1
345;194
345;1491
345;42
347;17
347;13
347;0
348;0
349;1
349;101
350;1
351;54
351;1
351;1262
351;21
351;700
352;1
352;117
352;2294
354;1
354;1
354;0
354;8
354;25
354;509
354;264
354;272
354;56
354;56
355;189
356;0
356;608
357;0
358;349
359;0
359;0
359;21
360;117
361;49
361;1
362;161
362;161
362;1
363;3
363;32
364;215
364;1
364;1
364;683
364;0
364;123
365;10
365;3
365;633
365;21
365;0
365;0
365;6
365;1
365;1841
365;2372
366;19
367;323
367;834
367;1719
368;0
368;0
368;25
369;108
369;0
370;1
371;33
371;4
371;1
371;3
371;354
371;0
372;1
372;1
372;0
372;0
372;54
372;40
373;3
374;96
375;145
376;1
377;1
377;17
377;267
378;1
379;1
379;1
379;754
380;272
381;149
381;1197
382;1
382;817
383;1
383;914
383;1769
383;42
383;15
384;145
385;73
385;96
385;1
386;0
386;0
386;130
386;42
386;41
386;119
386;1
386;913
386;570
386;1496
386;2087
388;1
388;1
388;17
391;17
391;21
391;0
392;387
393;145
393;267
393;1
394;145
395;17
396;58
396;1
396;1
396;1338
396;1911
396;0
397;159
397;1987
397;1600
398;0
398;1
398;452
399;164
399;0
399;0
399;0
399;39
399;1
399;1669
400;40
400;0
401;40
401;577
401;418
401;58
402;332
402;28
402;1
403;0
404;58
404;0
404;1
405;123
406;1
406;1
406;507
406;56
406;102
406;267
406;695
406;145
406;0
406;1008
407;1
407;0
407;0
408;3
409;1
409;1
409;50
409;4
409;558
409;0
410;49
410;1
411;387
412;1
412;3
412;2012
413;8
414;0
414;0
414;688
417;0
418;1
418;1
418;1
418;17
418;13
418;492
419;13
419;0
419;1671
420;1
420;748
420;0
421;13
422;96
422;69
422;24
422;1887
422;1606
423;10
423;25
424;28
424;0
426;1
426;0
426;0
426;85
426;700
426;101
427;1
428;323
428;1
429;0
429;4
429;17
429;651
429;1
429;1
430;1
430;830
430;42
431;1
431;17
431;350
432;13
432;8
432;394
432;145
432;1
432;1
432;1278
432;0
433;17
433;226
433;453
434;3
435;13
435;1
435;246
436;54
436;267
436;246
436;0
436;9
437;180
438;0
438;0
439;1
439;1
439;272
439;180
439;1160
439;0
439;0
439;1404
440;124
440;418
441;0
441;0
441;1
443;101
443;54
444;54
444;1
444;1017
445;48
445;0
445;0
445;3
445;164
445;17
446;1
446;1
446;1
446;24
446;787
446;1054
446;266
446;0
446;0
446;0
446;123
447;1
448;24
448;34
449;1
449;1
449;1
449;1
449;338
449;17
449;42
449;4
449;0
449;82
450;215
451;1
453;260
453;260
453;354
453;6
454;1
454;0
455;8
455;0
455;0
455;17
455;764
455;830
455;762
455;1
455;837
456;119
456;1189
457;0
458;0
458;0
460;73
460;140
461;0
461;627
461;1634
462;0
465;223
465;429
465;267
465;226
466;1
466;1
466;459
466;1154
467;49
468;1
468;1
469;8
470;367
470;0
470;1286
470;6
471;413
471;1
471;0
471;0
471;54
472;1
472;1425
473;34
473;1
473;0
473;0
473;1849
474;1
475;10
475;44
476;8
478;281
478;13
478;56
479;274
480;452
480;0
480;830
480;1195
480;531
480;95
480;101
481;81
481;680
482;101
484;42
485;1
485;1
486;1
487;1
487;0
487;0
488;0
489;0
490;0
491;0
492;101
492;0
493;1
493;1
493;56
493;1085
493;884
493;0
493;0
493;1088
494;0
495;0
495;0
495;8
495;1903
496;0
496;101
497;149
497;0
497;674
497;19
497;31
497;1
497;1
497;730
497;128
497;1905
497;272
497;164
497;123
498;346
498;0
498;17
499;1
499;24
499;0
499;26
499;44
500;0
501;34
502;0
503;1
504;96
504;0
504;189
505;17
505;1
506;21
507;0
507;0
507;0
510;85
510;608
511;13
511;1
512;25
513;96
513;96
513;27
513;442
513;196
513;33
514;0
514;512
514;607
514;1107
515;115
516;207
516;0
517;8
518;0
519;390
520;1
521;54
522;31
524;25
524;0
524;0
524;1565
525;6
526;54
527;42
527;1
528;0
529;0
530;1
530;1
530;429
530;226
530;48
530;453
530;879
530;1004
531;0
532;1
532;54
533;17
534;1
534;1
534;346
535;0
535;1
535;469
536;0
537;130
538;73
538;0
539;266
539;23
539;1
539;1
539;13
540;390
540;1
540;6
540;1502
540;387
541;0
541;0
542;3
542;50
542;48
542;1
543;21
544;145
545;0
546;42
546;101
546;0
547;17
547;367
549;531
550;483
550;2143
551;23
552;1
552;911
552;0
552;204
552;2096
552;28
552;4
552;2271
552;10
553;1
553;1
554;1
554;597
555;0
556;0
556;0
556;48
556;1
556;1
557;1
557;1
557;151
557;1039
558;33
559;117
560;81
560;1
560;817
560;0
561;1
562;1
562;102
563;524
563;1
564;0
565;513
566;28
566;0
566;1
566;1
566;1
566;1
566;54
566;13
566;509
566;205
566;2020
567;103
568;26
568;1
568;1
568;1
568;101
569;31
571;183
571;0
571;0
571;2101
572;0
572;1
573;3
573;0
573;0
574;8
574;0
575;2
575;349
575;240
575;48
576;4
576;226
578;338
578;531
579;6
580;1
580;1
581;1
582;180
582;725
582;13
582;0
582;1061
583;329
583;127
584;1
584;1021
584;695
585;432
585;101
585;10
586;530
586;17
587;25
587;863
588;56
588;28
588;49
588;272
589;56
589;1
589;453
590;42
590;761
591;1
591;0
592;1
593;0
593;1
593;1
593;487
593;21
593;95
593;1842
593;664
594;1
595;15
597;392
597;75
598;0
598;101
599;3
600;33
600;138
600;1
600;54
601;0
602;56
604;3
604;4
604;1639
605;49
606;1
606;1
606;41
606;54
606;25
606;25
606;10
606;668
608;0
609;429
609;48
609;1
609;1
609;21
609;24
609;764
609;2474
610;25
611;505
611;1224
612;0
612;0
612;3
612;714
614;0
614;54
615;25
616;1
616;1
617;33
617;0
618;6
618;95
618;95
618;1
618;460
618;118
620;3
621;0
621;1
621;42
622;25
622;1
623;267
624;349
624;54
625;159
625;251
625;79
625;1
626;50
626;0
626;0
628;33
629;0
630;0
630;1
631;1
631;1
631;128
631;17
632;379
632;1
632;1
632;25
632;440
632;0
632;0
633;103
633;82
633;703
634;123
634;603
635;1
635;33
635;0
635;474
636;0
637;1
638;24
639;1
639;1
640;517
640;1
641;0
641;0
641;0
642;0
642;25
643;387
643;911
643;1
643;1
644;25
644;25
644;13
644;710
645;0
645;1049
645;1435
645;1218
645;25
646;30
648;0
648;0
649;0
651;1
652;99
653;17
653;27
654;1
655;0
655;1
655;1
655;33
656;267
656;8
656;1
657;1
657;816
657;1287
658;8
659;95
660;433
661;0
661;267
661;9
662;25
662;13
662;0
663;85
665;1
666;73
667;207
671;28
671;26
671;13
672;8
673;8
674;214
675;1
676;102
676;754
677;48
678;19
678;119
678;1777
679;0
681;0
681;95
682;1
684;0
685;150
686;1
687;332
687;102
687;0
689;613
689;320
689;1
689;661
690;48
691;145
691;189
692;21
692;205
692;0
692;0
692;13
692;1137
693;17
693;1
694;40
694;789
696;119
696;817
696;691
696;215
697;123
697;1
699;101
701;6
702;8
702;34
702;2454
703;26
704;0
705;123
705;73
708;10
710;24
711;33
711;3
712;8
713;1
713;17
713;911
715;15
715;338
715;1
716;0
717;50
717;1
717;13
717;592
718;13
719;6
719;54
719;1
719;498
720;33
720;60
720;145
720;706
721;0
722;54
722;24
722;28
723;557
724;0
724;27
726;1
726;815
726;149
726;0
726;0
726;913
727;1
728;1
728;73
728;73
728;13
729;507
731;0
731;0
731;1
731;21
732;0
732;21
732;913
733;1
734;0
734;0
734;413
734;914
734;1
734;10
735;1
736;25
736;54
737;3
738;17
738;267
738;524
738;1
738;1
738;13
738;570
738;48
738;2047
738;75
739;272
740;1
740;0
740;827
741;1
742;21
742;1
744;0
746;0
747;0
748;1
748;535
749;49
749;0
749;28
750;0
750;1
750;79
751;1
751;1
752;1
752;24
752;2089
753;46
755;0
756;345
757;101
757;0
758;1
758;206
759;0
759;50
759;40
759;1
760;118
760;56
760;1
761;0
763;1
763;58
763;17
765;0
766;49
767;17
768;54
769;0
769;627
770;2
770;1264
770;17
771;13
771;58
772;26
772;131
773;0
774;15
775;1
776;1
777;239
778;240
778;34
778;17
781;1
781;0
781;272
781;13
783;33
783;1
783;1
783;6
784;272
785;10
786;17
788;24
788;48
789;96
789;2
789;123
789;145
789;10
790;0
791;1
791;453
792;48
792;0
792;1
793;0
793;0
793;0
793;101
794;21
795;453
795;0
795;0
795;483
795;246
796;6
798;1
798;1
798;10
799;1
799;24
800;10
801;6
801;42
802;1
803;453
803;2
803;1
803;1
803;17
804;1
805;3
806;1
807;777
808;1
809;98
809;17
810;697
810;0
810;560
810;1
811;151
812;253
812;8
812;1
812;1
812;17
813;17
814;1
816;0
816;881
818;24
818;164
818;159
819;33
820;4
821;0
821;0
822;15
823;6
824;1
824;0
824;1781
824;1945
824;6
825;12
825;6
826;28
826;418
827;58
827;1227
827;17
828;0
828;0
829;130
829;0
829;688
830;2
831;1
831;1
831;515
832;0
832;1
832;3
832;2066
834;1
835;1
836;1
836;695
836;2206
837;6
837;154
838;1
839;1
839;1
840;1
840;1
841;1
841;970
842;349
843;24
844;73
845;753
845;0
846;707
847;13
847;1
848;0
849;85
850;61
851;1
852;474
853;1
853;1
853;40
853;96
854;1
854;1
856;149
857;1
857;2297
858;85
859;266
859;1
860;13
860;1
860;6
860;226
861;1
862;3
862;2193
864;1
865;44
866;0
867;1
867;27
867;21
868;23
868;1
868;1
869;54
870;54
870;1177
871;1
872;1
872;868
873;17
873;69
874;1
875;1
876;13
877;3
877;0
878;406
878;782
879;3
879;81
880;1
882;1
883;460
885;21
887;1
889;1
889;1
889;25
890;50
891;13
891;0
892;25
893;0
893;1
893;1
894;0
895;885
896;1
897;23
897;1
898;21
899;8
900;306
901;0
901;1
902;25
902;1467
903;272
903;1877
904;1
905;0
906;102
906;1
907;665
908;13
908;3
908;28
908;21
909;130
910;702
912;149
915;0
916;322
916;2241
917;0
917;1
918;96
918;1
919;1
919;1
920;48
921;607
921;25
922;11
923;0
923;1033
923;82
924;1
925;0
925;0
925;1
925;33
927;1
927;0
928;683
928;453
928;17
929;1
929;953
929;1017
929;79
929;49
929;101
929;3
930;0
932;432
932;1
932;24
933;510
934;17
934;25
935;923
935;1460
935;1749
936;0
937;0
939;246
939;215
941;1
942;17
943;772
943;0
944;220
945;387
945;1
946;668
946;13
947;0
948;313
949;140
949;1
951;0
952;0
954;8
954;1
955;726
956;1
956;13
957;662
958;0
959;1
960;79
961;1
963;0
963;11
963;48
963;1
964;54
965;95
965;0
965;17
965;123
966;512
966;0
967;390
968;21
969;1
969;98
970;1
970;639
970;8
971;0
972;24
973;0
974;145
975;1
976;1
977;1
977;1
977;1023
977;599
978;1
978;0
979;121
980;562
981;6
981;25
981;13
982;483
983;24
984;13
984;0
985;0
985;0
985;10
985;1
985;4
986;43
986;1
986;0
987;145
987;453
988;0
989;1
989;1008
991;28
992;779
992;340
993;613
994;17
994;1
994;8
995;0
995;1
996;205
996;10
996;73
997;662
998;633
998;1184
998;1
998;12
999;28
1000;19
1000;40
1001;888
1001;1
1002;0
1002;1242
1003;8
1004;101
1004;54
1005;25
1006;48
1007;15
1008;0
1008;1
1009;21
1009;0
1010;1
1010;240
1011;367
1011;17
1012;246
1012;1
1013;33
1013;10
1014;512
1015;1
1015;956
1016;6
1018;863
1019;151
1019;2230
1020;0
1020;79
1020;1490
1022;596
1023;42
1023;56
1023;6
1024;425
1024;17
1025;13
1026;101
1027;1
1027;1
1027;378
1027;0
1028;1
1029;17
1029;990
1029;1
1030;0
1030;367
1030;145
1030;453
1031;1
1031;0
1032;21
1032;1
1034;0
1035;13
1035;101
1036;57
1037;226
1037;1250
1038;33
1040;1
1040;1
1040;56
1041;1
1042;1039
1042;2218
1043;1
1044;8
1044;1838
1045;21
1046;17
1047;25
1047;1743
1048;1
1048;17
1049;85
1049;1663
1049;1
1049;145
1050;21
1050;0
1050;346
1051;17
1052;1
1053;140
1055;0
1056;13
1057;1
1058;3
1059;0
1059;1
1060;1
1061;0
1062;0
1063;180
1064;0
1064;943
1066;8
1067;1
1067;33
1067;0
1068;0
1069;118
1070;25
1071;28
1072;911
1073;13
1074;101
1074;1
1075;42
1076;0
1076;1324
1077;48
1077;4
1078;11
1078;1
1078;33
1078;73
1078;28
1078;1369
1079;17
1079;246
1080;60
1081;1
1082;613
1083;48
1083;164
1084;512
1086;1
1087;1
1088;0
1090;123
1091;115
1091;8
1091;1593
1092;6
1093;226
1094;0
1095;266
1095;267
1095;0
1095;41
1095;128
1096;0
1097;4
1097;123
1097;367
1098;164
1099;28
1100;667
1101;0
1102;1
1103;1
1104;17
1104;26
1105;101
1105;0
1105;8
1106;0
1107;21
1108;2
1109;0
1110;1
1110;1
1110;0
1110;0
1111;17
1112;17
1113;226
1114;115
1114;0
1116;688
1116;0
1117;1
1118;0
1120;1
1121;48
1121;48
1123;24
1125;0
1125;1
1125;21
1127;17
1127;1
1128;0
1128;21
1130;1115
1130;57
1131;9
1131;1
1132;6
1133;909
1133;1
1134;223
1134;145
1135;41
1135;1709
1136;13
1136;6
1137;215
1138;2
1138;6
1139;0
1140;0
1141;187
1142;2
1143;374
1143;25
1143;0
1144;0
1144;159
1145;1
1145;240
1145;2440
1146;180
1146;42
1147;164
1147;2
1148;10
1149;121
1150;8
1150;1017
1150;1
1151;1006
1152;1
1152;1
1152;1
1152;1435
1153;63
1154;6
1154;13
1155;0
1156;24
1156;154
1156;1203
1157;664
1158;1
1158;1432
1159;1
1160;103
1162;17
1162;2223
1163;1
1164;25
1164;1
1165;486
1166;13
1167;1
1168;0
1169;0
1169;1
1169;56
1170;1
1171;0
1171;1
1172;1
1172;0
1172;1450
1172;633
1174;1
1175;85
1176;214
1176;1435
1176;26
1178;1
1179;698
1180;3
1180;17
1181;85
1182;0
1183;96
1183;1
1185;145
1185;1003
1186;1
1186;1038
1186;638
1187;0
1188;668
1188;332
1190;695
1191;56
1193;891
1194;96
1196;6
1198;277
1199;1
1200;134
1201;21
1201;13
1202;1
1204;1027
1205;413
1206;1
1206;1554
1206;2098
1207;310
1208;561
1209;1
1209;73
1211;13
1211;888
1211;1
1211;2109
1212;779
1212;24
1212;42
1212;1
1212;1
1212;1
1212;0
1213;272
1214;50
1214;0
1214;668
1215;695
1216;17
1216;13
1217;6
1218;24
1219;0
1219;1600
1219;1033
1219;1712
1220;0
1221;26
1222;1
1224;857
1225;17
1226;33
1226;44
1226;1
1228;0
1228;1638
1229;443
1229;17
1230;33
1230;1503
1231;0
1232;40
1233;42
1233;1895
1234;1
1234;0
1234;15
1234;297
1235;1
1236;180
1237;17
1238;1
1239;6
1240;21
1241;0
1242;0
1243;25
1244;25
1245;0
1245;28
1246;0
1246;19
1247;722
1248;85
1249;16
1249;1050
1249;1243
1250;243
1251;102
1252;145
1253;54
1253;0
1254;0
1254;710
1255;1
1255;1
1256;1
1256;0
1257;1
1258;1
1258;24
1259;82
1260;0
1261;0
1263;246
1263;61
1265;0
1266;226
1267;28
1267;17
1268;0
1268;0
1269;0
1269;1
1270;1
1271;1
1272;0
1273;462
1274;531
1275;226
1276;0
1277;8
1277;8
1277;330
1278;145
1279;24
1280;1
1280;498
1281;93
1282;387
1283;73
1284;96
1285;1
1288;0
1288;761
1290;1
1291;1
1292;1
1293;235
1294;707
1295;1
1295;134
1296;4
1297;702
1298;657
1298;0
1299;1
1299;1
1300;3
1300;1
1301;17
1302;117
1302;8
1302;1
1303;1
1304;151
1304;1
1305;56
1306;57
1306;1197
1307;145
1308;239
1309;85
1310;115
1311;1
1311;970
1311;939
1312;13
1313;0
1314;33
1315;560
1315;130
1315;607
1315;21
1316;21
1316;1
1316;226
1317;0
1318;79
1318;770
1319;322
1320;1
1321;1
1321;8
1322;1
1322;115
1323;0
1325;123
1326;13
1327;779
1327;664
1328;79
1329;1
1330;24
1331;0
1332;149
1333;103
1334;4
1335;664
1336;17
1337;1
1337;1
1337;0
1338;0
1339;1
1340;6
1341;21
1342;1
1342;42
1343;0
1343;48
1343;2170
1343;13
1344;26
1345;58
1346;0
1347;73
1347;1443
1348;119
1349;48
1350;6
1351;0
1352;1
1352;1042
1352;54
1353;1
1353;1959
1354;0
1355;95
1355;81
1356;1
1357;667
1357;432
1357;44
1358;0
1359;938
1359;1
1360;0
1360;0
1360;833
1361;117
1362;49
1363;738
1364;13
1365;243
1366;28
1367;1202
1368;44
1370;123
1371;777
1371;10
1372;17
1373;1
1374;0
1374;13
1375;13
1376;1
1377;306
1377;1
1379;233
1380;0
1381;21
1382;714
1383;123
1384;1
1385;1
1386;79
1387;264
1388;0
1389;21
1390;0
1391;17
1391;77
1392;1
1394;267
1394;855
1395;33
1395;13
1396;237
1397;73
1398;0
1399;21
1400;1
1401;770
1401;700
1401;0
1401;85
1402;48
1402;3
1403;1
1403;1729
1404;0
1405;77
1406;1
1406;11
1407;1
1407;1
1407;4
1408;833
1409;1
1410;1
1411;535
1412;267
1413;11
1413;11
1413;13
1413;1712
1414;10
1415;0
1415;0
1416;0
1418;24
1418;1821
1418;21
1419;349
1419;442
1419;1172
1420;207
1421;0
1422;0
1422;0
1422;1015
1422;1
1424;0
1424;108
1426;1398
1427;0
1428;96
1429;0
1429;0
1430;1
1430;2400
1431;3
1431;1021
1433;520
1433;54
1434;1
1436;3
1437;24
1437;1
1437;79
1438;1
1439;0
1440;1
1440;1
1441;24
1442;1
1442;79
1443;548
1444;191
1445;0
1446;0
1447;1133
1448;1
1449;13
1451;6
1451;619
1452;96
1452;524
1452;1
1453;1
1454;0
1455;1
1456;54
1456;1
1457;688
1457;673
1457;17
1457;56
1458;1
1458;25
1458;0
1459;0
1461;1023
1462;96
1463;668
1464;0
1464;13
1465;56
1465;1278
1466;48
1468;3
1469;1
1470;0
1471;54
1471;1
1471;2030
1472;0
1473;1
1474;69
1475;1
1476;0
1477;0
1478;345
1479;950
1480;23
1481;17
1481;0
1482;1
1483;1
1483;222
1484;138
1485;3
1487;435
1487;49
1488;824
1489;1
1490;26
1491;27
1493;23
1494;834
1495;1
1497;0
1497;0
1498;4
1499;96
1501;6
1504;1
1506;10
1507;0
1508;191
1508;8
1509;0
1510;1
1510;453
1510;1924
1510;0
1511;1
1512;6
1513;4
1514;0
1514;25
1514;1
1515;1
1516;1
1517;0
1519;0
1520;159
1521;3
1521;21
1522;21
1523;0
1523;1026
1524;123
1525;531
1526;3
1527;0
1528;1
1528;8
1529;1324
1530;10
1531;6
1532;0
1533;272
1533;0
1534;13
1534;1
1535;123
1536;0
1536;443
1537;1
1538;367
1539;1
1540;12
1541;1
1542;1
1543;487
1544;0
1544;8
1545;123
1546;0
1546;95
1548;25
1549;1
1550;536
1551;1021
1552;10
1553;0
1555;159
1556;339
1557;145
1558;17
1558;0
1559;0
1560;800
1561;1
1562;1
1562;2047
1562;0
1563;17
1564;33
1566;0
1566;2137
1567;101
1568;75
1569;123
1570;79
1571;1
1572;1054
1573;96
1574;0
1575;0
1575;306
1576;4
1577;0
1578;24
1579;0
1579;0
1580;56
1580;49
1581;714
1583;8
1584;884
1585;130
1585;0
1586;33
1587;2
1588;367
1589;33
1589;613
1590;0
1591;1547
1592;0
1594;8
1596;524
1597;0
1598;0
1599;4
1599;1
1601;1023
1602;42
1603;0
1604;0
1604;1
1605;128
1606;1
1608;42
1608;56
1609;272
1609;0
1610;267
1611;180
1612;191
1612;0
1612;1
1612;2426
1613;1
1614;1
1615;0
1615;1033
1616;12
1617;0
1619;1
1620;1
1621;0
1622;11
1623;42
1624;1
1625;3
1626;13
1626;191
1627;1
1627;682
1628;215
1629;504
1629;121
1630;50
1631;48
1632;667
1632;0
1633;48
1635;523
1636;21
1637;1000
1640;13
1641;1
1641;1
1641;1021
1642;691
1642;425
1643;102
1645;0
1646;1
1647;101
1648;6
1649;8
1650;1
1651;0
1652;25
1654;1
1655;4
1655;4
1655;216
1656;25
1656;0
1656;68
1657;28
1658;15
1659;207
1661;1
1662;1
1664;10
1665;21
1666;1
1667;17
1668;28
1668;13
1670;56
1670;21
1670;1
1670;0
1670;17
1671;95
1672;1
1673;41
1674;115
1675;8
1676;1
1677;21
1678;833
1679;56
1680;762
1681;54
1682;6
1683;0
1684;0
1684;56
1685;1
1686;226
1687;0
1687;159
1688;27
1689;1
1690;17
1690;0
1691;1
1692;1
1693;1
1694;34
1694;1547
1695;6
1696;0
1697;1
1698;0
1698;123
1699;1470
1700;272
1700;3
1700;0
1701;913
1702;1242
1703;1
1704;17
1705;860
1706;553
1707;28
1709;159
1709;226
1710;1
1711;286
1711;1
1712;917
1713;0
1714;926
1715;1
1716;21
1716;1901
1717;3
1718;6
1718;130
1720;0
1721;289
1722;79
1723;41
1724;1
1725;140
1726;970
1727;161
1728;695
1729;0
1730;48
1730;10
1731;1
1732;1
1733;17
1734;875
1735;1
1736;1689
1737;33
1738;42
1738;3
1738;0
1739;0
1739;4
1740;668
1741;4
1742;17
1744;1
1745;1
1746;10
1747;10
1747;117
1748;0
1749;0
1750;19
1751;1
1753;54
1754;0
1755;1414
1756;13
1757;4
1758;467
1759;21
1760;10
1761;0
1762;17
1763;204
1763;44
1764;0
1765;0
1766;96
1767;13
1768;483
1770;1
1771;7
1772;1
1773;44
1774;28
1775;1
1776;1
1779;205
1782;0
1783;390
1784;223
1784;668
1785;10
1786;2
1787;145
1788;44
1788;1
1789;0
1790;266
1791;1
1792;1
1792;1681
1793;697
1794;1
1795;164
1796;830
1797;194
1797;0
1798;1
1799;1
1799;0
1800;1
1800;0
1800;101
1801;0
1801;272
1802;25
1803;633
1804;1
1805;0
1806;354
1806;95
1807;0
1808;180
1809;0
1810;0
1811;1262
1812;0
1812;0
1814;12
1814;1
1815;1
1816;1
1817;1
1818;1634
1819;1017
1819;17
1820;267
1822;560
1823;743
1824;26
1825;879
1826;1
1827;8
1828;28
1829;33
1830;17
1831;1
1832;1
1832;390
1833;837
1834;149
1835;406
1836;134
1837;0
1839;1
1840;115
1842;13
1843;1
1845;25
1846;782
1847;21
1848;0
1850;1
1851;1
1852;1
1853;73
1854;1283
1855;782
1856;0
1857;6
1858;266
1859;906
1859;1681
1861;2
1862;103
1863;85
1864;1199
1865;0
1866;1
1866;1873
1867;0
1868;1450
1868;1
1869;6
1869;0
1870;477
1871;930
1872;0
1873;48
1874;1
1875;145
1876;134
1878;0
1879;0
1879;40
1880;0
1881;0
1881;1
1882;54
1883;0
1884;24
1885;1
1886;147
1888;13
1889;58
1890;0
1891;627
1892;0
1893;1797
1896;48
1897;433
1898;1523
1899;695
1900;48
1902;986
1904;1
1906;1
1907;0
1908;3
1909;1
1910;1
1912;25
1913;180
1914;1
1915;82
1917;1
1918;1
1919;0
1920;4
1921;662
1922;1462
1923;207
1925;10
1926;0
1927;24
1928;1
1929;26
1930;49
1931;13
1931;0
1932;560
1933;54
1934;140
1934;25
1935;17
1936;0
1936;40
1938;21
1940;56
1941;0
1942;367
1942;1269
1943;349
1944;710
1946;1073
1946;101
1947;96
1948;119
1949;34
1951;0
1951;1204
1951;237
1952;1505
1953;17
1954;0
1955;73
1958;28
1960;487
1961;695
1963;21
1964;1
1965;1
1966;25
1967;0
1968;33
1969;1
1970;1
1971;207
1971;54
1972;0
1972;239
1973;0
1974;1
1975;0
1976;287
1976;0
1977;1
1978;42
1979;140
1980;145
1981;1
1982;130
1983;1
1984;1
1985;19
1986;3
1988;4
1989;266
1990;1
1991;1
1992;1
1993;149
1994;1
1995;1
1995;164
1996;1
1997;54
1998;10
1999;6
2001;1015
2002;4
2003;272
2004;1
2005;390
2006;0
2007;368
2008;1621
2009;0
2009;367
2010;73
2011;1309
2012;0
2013;1
2014;0
2015;953
2016;17
2017;13
2018;777
2019;0
2020;8
2021;0
2022;1462
2023;10
2024;1
2025;0
2026;1
2027;8
2028;1
2029;837
2029;49
2029;1458
2031;10
2032;40
2032;0
2033;21
2034;697
2034;1547
2034;21
2035;1
2036;272
2037;464
2038;1
2039;354
2040;49
2041;140
2042;0
2042;1788
2043;938
2044;1
2045;1
2046;56
2049;664
2050;2012
2051;0
2052;207
2053;226
2054;662
2055;33
2056;8
2057;266
2058;1
2059;1
2060;1
2061;0
2062;1
2063;101
2064;71
2065;13
2067;0
2068;117
2069;145
2070;1
2071;42
2072;26
2073;1
2073;2136
2074;40
2076;0
2077;6
2078;762
2079;1154
2080;531
2081;387
2082;662
2082;435
2082;1
2083;0
2084;0
2084;0
2085;30
2086;1
2088;58
2090;1
2091;0
2092;1427
2093;0
2094;180
2095;0
2097;876
2098;95
2098;13
2098;56
2100;119
2101;272
2102;1
2103;32
2105;54
2106;27
2108;1
2110;1
2111;42
2112;54
2113;1
2114;1398
2115;0
2116;10
2117;1
2118;913
2118;1739
2119;101
2120;0
2121;1
2122;1154
2123;1
2124;467
2124;33
2125;1644
2126;1
2127;354
2128;379
2129;1264
2131;1
2132;330
2133;1
2134;17
2135;69
2138;1
2139;115
2140;28
2141;21
2142;698
2143;17
2144;0
2145;440
2146;180
2147;1
2148;1
2149;13
2150;1097
2151;0
2152;33
2153;187
2154;0
2155;119
2156;0
2157;650
2157;1634
2158;1
2159;817
2160;25
2161;354
2161;215
2162;0
2163;229
2164;1
2165;42
2166;722
2168;28
2169;1
2171;123
2172;0
2173;272
2174;118
2175;1
2175;274
2175;2289
2176;1
2177;0
2178;79
2179;0
2180;0
2180;1086
2181;17
2182;17
2183;1
2184;1
2185;893
2186;1
2187;1
2188;1841
2189;349
2190;40
2190;17
2192;1505
2194;1
2195;73
2196;0
2197;0
2198;332
2199;1
2199;1
2200;3
2200;777
2201;1563
2202;108
2203;24
2205;246
2207;1
2208;1
2209;10
2209;27
2210;1414
2211;1
2212;429
2213;1
2214;95
2214;0
2215;0
2216;1
2219;467
2220;6
2221;6
2222;17
2223;1
2224;21
2225;272
2225;25
2227;0
2228;6
2229;346
2230;0
2231;28
2232;1
2233;138
2234;638
2235;1289
2236;1
2237;11
2238;1
2239;56
2242;2226
2243;42
2244;1691
2246;10
2247;1
2248;1433
2249;695
2250;1
2251;3
2252;214
2253;0
2254;54
2255;0
2256;3
2257;17
2257;32
2258;1
2258;1262
2259;714
2260;154
2261;1
2263;43
2264;0
2265;56
2266;665
2267;41
2268;638
2269;159
2270;25
2272;0
2273;2117
2274;0
2275;1378
2276;0
2277;0
2278;17
2279;54
2280;28
2281;345
2282;2137
2284;1
2285;764
2286;1
2287;6
2288;444
2290;25
2292;0
2295;0
2296;1069
2298;19
2299;1
2300;0
2301;6
2302;140
2303;0
2304;0
2305;17
2306;0
2307;1874
2308;1
2309;25
2310;1
2311;82
2312;390
2313;0
2314;1794
2315;1
2316;1
2317;822
2318;17
2319;0
2320;33
2321;207
2322;4
2323;1505
2324;98
2325;93
2326;33
2327;0
2328;10
2329;834
2330;1
2331;1
2332;1
2333;1
2334;0
2335;56
2336;48
2337;0
2337;164
2338;0
2340;48
2341;775
2342;0
2343;73
2345;56
2346;1570
2347;418
2348;0
2349;1957
2350;50
2351;60
2352;331
2353;0
2354;260
2355;700
2356;54
2357;0
2358;1
2359;1
2360;1
2361;0
2363;221
2363;1
2364;119
2365;0
2366;0
2367;24
2368;1
2369;123
2370;1
2371;44
2373;817
2374;33
2376;24
2377;0
2378;130
2379;0
2380;0
2381;4
2382;592
2383;1375
2384;2363
2385;550
2386;159
2388;1
2389;34
2390;119
2391;1
2392;481
2393;1
2394;1
2395;1017
2396;0
2397;1
2398;25
2401;0
2402;1
2403;0
2404;34
2405;4
2406;1759
2407;267
2408;48
2409;1
2410;215
2411;118
2413;1759
2414;10
2415;13
2416;1
2417;6
2418;145
2419;267
2420;3
2421;520
2422;17
2423;10
2424;42
2425;17
2427;17
2428;1485
2429;73
2430;0
2431;101
2432;433
2433;7
2434;1
2435;1243
2436;2371
2437;392
2438;145
2439;1
2441;85
2442;1
2443;0
2444;895
2445;1
2446;56
2447;0
2448;54
2449;56
2450;1
2451;17
2452;205
2453;221
2455;0
2456;349
2458;0
2459;69
2460;1027
2461;289
2462;1472
2463;54
2464;1
2465;1
2466;19
2467;54
2468;0
2469;17
2470;0
2471;0
2472;613
2473;1
2475;0
2476;1
2477;1775
2478;48
2479;17
2480;1
2481;1
2482;433
2483;0
2484;6
2485;695
2486;8
2487;246
2488;0
2489;2450
2490;24
2491;48
2492;1
2493;27
2494;103
2495;96
2496;1
2497;6
2498;1
2499;917
