43
55
142
153
224
226
246
248
275
291
321
328
332
365
370
403
416
468
545
562
598
609
618
737
826
963
1216
1437
46
47
60
61
115
116
119
120
146
167
220
269
371
388
469
626
956
1014
1334
50
65
70
89
97
99
124
125
129
132
191
215
262
309
313
459
506
556
742
1398
23
34
48
113
155
263
292
395
428
972
31
62
95
103
130
134
157
184
204
217
243
372
201
267
7
8
16
40
51
74
143
166
185
883
24
75
94
337
10
90
126
165
180
0
32
193
72
137
9
66
98
208
1
30
36
57
144
229
510
29
160
225
110
56
52
14
22
19
69
21
199
15
26
28
27
59
4
18
6
12
3
5
2
