0;1
0;1499
0;2
0;941
1;0
1;3
1;1499
1;964
2;0
2;359
2;863
2;993
2;686
3;4
3;1
3;1161
3;579
4;3
4;5
4;250
5;4
5;6
5;7
5;676
6;5
6;748
6;1267
7;5
7;9
7;1427
8;9
8;10
9;8
9;10
9;7
9;11
10;9
10;11
10;8
10;12
10;1104
11;10
11;12
11;9
11;13
11;1328
12;11
12;13
12;10
12;14
13;12
13;14
13;11
13;25
14;13
14;15
14;12
14;16
15;14
15;16
15;17
16;15
16;17
16;14
16;18
17;16
17;18
17;15
17;19
17;1161
18;17
18;19
18;16
18;20
19;18
19;20
19;17
19;21
20;19
20;21
20;18
20;22
21;20
21;22
21;19
21;23
21;599
22;21
22;23
22;20
22;24
23;22
23;24
23;21
23;25
23;140
24;23
24;25
24;22
24;26
25;24
25;26
25;23
25;27
25;592
25;13
26;25
26;27
26;24
26;28
26;602
26;1161
26;1446
27;26
27;28
27;25
27;354
27;166
28;27
28;29
28;26
28;30
28;523
29;28
29;30
29;31
30;29
30;31
30;28
30;32
30;928
31;30
31;29
31;33
31;779
32;33
32;30
32;34
32;1098
33;32
33;34
33;31
33;35
33;427
33;1245
34;33
34;32
34;450
34;857
35;36
35;33
35;37
36;35
36;38
36;951
37;38
37;35
37;39
37;681
38;37
38;36
38;40
38;853
39;40
39;37
39;41
40;39
40;38
40;42
40;451
40;334
41;39
41;43
41;1443
41;460
42;40
42;44
42;249
43;44
43;41
43;45
44;43
44;45
44;42
44;46
45;44
45;46
45;43
45;47
46;45
46;47
46;44
46;48
47;46
47;48
47;45
47;49
47;268
48;47
48;46
48;50
48;706
49;47
49;51
49;1300
50;51
50;48
50;1157
51;50
51;52
51;49
51;53
52;51
52;53
52;54
53;52
53;54
53;51
53;55
54;53
54;55
54;52
54;56
55;54
55;56
55;53
55;57
56;55
56;57
56;54
56;1384
57;56
57;58
57;55
57;59
57;1307
58;57
58;60
58;1007
59;60
59;57
59;61
60;59
60;61
60;58
60;62
61;60
61;62
61;59
61;63
61;1129
62;61
62;63
62;60
62;64
63;62
63;64
63;61
63;65
64;63
64;65
64;62
64;66
65;64
65;66
65;63
65;954
66;65
66;67
66;64
66;68
66;339
67;66
67;69
67;326
68;69
68;66
68;70
69;68
69;70
69;67
69;71
70;69
70;68
70;72
70;258
71;72
71;69
71;73
72;71
72;73
72;70
72;74
73;72
73;74
73;71
73;75
74;73
74;75
74;72
74;76
75;74
75;76
75;73
75;77
76;75
76;77
76;74
76;78
76;991
77;76
77;78
77;75
77;79
77;956
77;1218
78;77
78;76
78;1082
78;178
79;80
79;77
79;81
80;79
80;81
80;244
81;80
81;82
81;79
81;83
81;549
82;81
82;83
82;84
82;1331
83;82
83;84
83;81
83;85
84;83
84;85
84;82
84;1110
85;84
85;86
85;83
85;524
86;85
86;87
86;88
87;86
87;88
87;89
88;87
88;89
88;86
88;90
89;88
89;90
89;87
89;91
90;89
90;88
90;92
90;1027
90;636
90;650
91;92
91;89
91;93
92;91
92;93
92;90
92;94
93;92
93;94
93;91
93;95
94;93
94;92
94;1427
94;108
95;96
95;93
95;97
96;95
96;97
96;98
97;96
97;98
97;95
97;617
98;97
98;99
98;96
98;100
98;1019
99;98
99;100
99;101
100;99
100;101
100;98
100;102
100;1084
100;348
101;100
101;99
101;103
101;1426
101;696
101;1324
102;103
102;100
102;1365
102;1108
103;102
103;104
103;101
103;105
104;103
104;106
104;673
105;106
105;103
105;107
105;969
106;105
106;107
106;104
106;108
106;115
106;938
107;106
107;108
107;105
107;109
108;107
108;109
108;106
108;94
108;391
109;108
109;107
109;111
109;459
110;111
110;112
110;572
111;110
111;109
111;113
111;1030
112;110
112;114
112;524
112;401
113;114
113;111
113;115
113;903
114;113
114;115
114;112
114;116
114;387
115;114
115;113
115;329
115;106
116;114
116;118
116;1294
117;119
117;1297
118;119
118;116
118;120
118;1278
119;118
119;120
119;117
119;121
120;119
120;121
120;118
120;122
121;120
121;119
121;1196
121;298
122;120
122;124
122;1266
123;124
123;125
124;123
124;125
124;122
124;126
124;1379
125;124
125;126
125;123
125;127
125;687
126;125
126;127
126;124
126;532
127;126
127;128
127;125
127;129
127;645
128;127
128;129
128;824
129;128
129;130
129;127
129;131
130;129
130;131
130;132
131;130
131;132
131;129
131;133
132;131
132;133
132;130
132;134
133;132
133;134
133;131
133;135
134;133
134;135
134;132
134;136
135;134
135;136
135;133
135;314
136;135
136;137
136;134
136;138
137;136
137;138
137;139
138;137
138;139
138;136
138;140
139;138
139;140
139;137
139;141
139;432
140;139
140;138
140;142
140;23
141;142
141;139
141;143
142;141
142;143
142;140
142;144
143;142
143;141
143;145
143;873
143;906
144;142
144;146
144;230
144;183
145;146
145;143
145;147
146;145
146;147
146;144
146;148
147;146
147;148
147;145
147;149
148;147
148;149
148;146
148;150
149;148
149;150
149;147
149;151
150;149
150;151
150;148
150;152
151;150
151;152
151;149
151;153
151;642
152;151
152;153
152;150
152;154
153;152
153;154
153;151
153;155
154;153
154;155
154;152
154;156
154;798
155;154
155;156
155;153
155;157
155;412
156;155
156;157
156;154
156;158
157;156
157;155
157;159
157;1246
157;451
158;159
158;156
158;160
158;230
159;158
159;160
159;157
159;161
160;159
160;161
160;158
160;162
161;160
161;162
161;159
161;681
162;161
162;163
162;160
162;164
163;162
163;164
163;165
164;163
164;165
164;162
164;166
165;164
165;166
165;163
165;167
166;165
166;167
166;164
166;830
166;27
167;166
167;168
167;165
167;169
168;167
168;170
168;970
169;170
169;167
169;171
170;169
170;168
170;172
170;645
171;172
171;169
171;930
171;862
172;171
172;173
172;170
172;174
173;172
173;174
173;175
174;173
174;172
174;176
174;814
174;391
175;176
175;173
175;1058
176;175
176;174
176;178
176;802
177;178
177;179
178;177
178;176
178;180
178;258
178;78
179;180
179;177
179;181
180;179
180;181
180;178
180;182
181;180
181;179
181;183
181;340
182;183
182;180
182;184
182;1433
183;182
183;181
183;144
183;792
184;185
184;182
184;186
185;184
185;186
185;187
186;185
186;187
186;184
186;188
187;186
187;185
187;189
187;369
187;742
188;189
188;186
188;190
188;1471
189;188
189;190
189;187
189;191
190;189
190;191
190;188
190;192
190;1122
191;190
191;192
191;189
191;442
192;191
192;193
192;190
192;194
193;192
193;195
193;703
194;195
194;192
194;196
195;194
195;196
195;193
195;197
196;195
196;197
196;194
196;1101
197;196
197;198
197;195
197;199
197;388
198;197
198;199
198;200
199;198
199;200
199;197
199;201
200;199
200;201
200;198
200;202
201;200
201;199
201;203
201;1451
202;203
202;200
202;555
203;202
203;204
203;201
203;205
204;203
204;205
204;206
204;226
205;204
205;206
205;203
205;207
206;205
206;207
206;204
206;208
207;206
207;208
207;205
207;209
208;207
208;209
208;206
208;210
208;235
208;518
209;208
209;210
209;207
209;211
210;209
210;211
210;208
210;212
211;210
211;212
211;209
211;213
212;211
212;213
212;210
212;214
213;212
213;214
213;211
213;1287
214;213
214;215
214;212
214;216
215;214
215;216
215;217
216;215
216;217
216;214
216;218
217;216
217;218
217;215
217;219
218;217
218;219
218;216
218;220
219;218
219;217
219;221
219;1363
220;221
220;218
220;677
221;220
221;219
221;1396
221;1029
221;298
222;223
222;224
223;222
223;224
223;225
224;223
224;225
224;222
224;226
225;224
225;226
225;223
225;1366
226;225
226;224
226;228
226;204
227;228
227;229
227;978
227;1443
228;227
228;229
228;226
228;230
229;228
229;230
229;227
229;231
230;229
230;231
230;228
230;144
230;158
231;230
231;232
231;229
231;233
231;1040
231;1359
231;1440
232;231
232;233
232;234
233;232
233;231
233;235
233;286
233;392
234;235
234;232
234;236
235;234
235;233
235;208
235;269
235;766
235;1094
236;237
236;234
236;796
237;236
237;239
237;631
238;239
238;852
239;238
239;240
239;237
239;241
239;637
240;239
240;241
240;242
240;988
241;240
241;242
241;239
241;243
241;963
242;241
242;243
242;240
242;244
243;242
243;244
243;241
243;245
244;243
244;242
244;246
244;953
244;80
245;246
245;243
245;247
246;245
246;247
246;244
246;248
247;246
247;248
247;245
247;249
248;247
248;249
248;246
248;250
248;1243
249;248
249;247
249;251
249;42
249;1186
249;364
250;248
250;252
250;759
250;4
251;252
251;249
251;253
251;881
251;906
252;251
252;253
252;250
252;254
253;252
253;254
253;251
253;255
254;253
254;255
254;252
254;256
255;254
255;256
255;253
255;257
255;1366
256;255
256;257
256;254
256;258
257;256
257;258
257;255
257;259
258;257
258;259
258;256
258;70
258;178
258;547
258;1445
259;258
259;260
259;257
259;261
260;259
260;261
260;262
261;260
261;262
261;259
261;263
262;261
262;260
262;264
262;1108
263;264
263;261
263;265
264;263
264;265
264;262
264;266
265;264
265;263
265;267
265;647
266;267
266;264
266;268
267;266
267;268
267;265
267;269
268;267
268;266
268;270
268;47
269;270
269;267
269;271
269;235
270;269
270;271
270;268
270;272
271;270
271;272
271;269
271;1096
271;531
272;271
272;273
272;270
272;274
272;303
273;272
273;274
273;275
274;273
274;275
274;272
274;276
275;274
275;276
275;273
275;865
276;275
276;277
276;274
276;278
277;276
277;278
277;279
278;277
278;279
278;276
278;280
279;278
279;277
279;281
279;799
280;281
280;278
280;282
280;940
281;280
281;282
281;279
281;283
281;496
282;281
282;283
282;280
282;284
283;282
283;284
283;281
283;285
284;283
284;285
284;282
284;286
285;284
285;286
285;283
285;287
286;285
286;284
286;288
286;233
286;1446
287;285
287;441
287;506
288;289
288;286
288;290
289;288
289;554
289;317
290;291
290;288
290;292
291;290
291;292
291;293
292;291
292;293
292;290
292;294
293;292
293;294
293;291
293;555
294;293
294;295
294;292
294;296
295;294
295;448
295;1071
296;294
296;582
296;579
297;298
297;299
298;297
298;299
298;121
298;221
298;749
299;298
299;297
299;301
299;1231
300;301
300;302
301;300
301;299
301;1233
301;910
301;1234
301;1268
301;1318
302;303
302;300
302;304
303;302
303;304
303;272
304;303
304;305
304;302
304;306
305;304
305;306
305;307
306;305
306;307
306;304
306;308
306;340
307;306
307;308
307;305
307;309
308;307
308;309
308;306
308;310
309;308
309;310
309;307
309;311
310;309
310;311
310;308
310;312
310;1326
311;310
311;312
311;309
311;313
312;311
312;313
312;310
312;314
312;1158
313;312
313;314
313;311
313;315
314;313
314;315
314;312
314;316
314;135
315;314
315;316
315;313
315;317
315;763
316;315
316;317
316;314
316;318
317;316
317;318
317;315
317;319
317;289
318;317
318;319
318;316
318;320
319;318
319;320
319;317
319;673
320;319
320;321
320;318
320;322
321;320
321;322
321;323
322;321
322;323
322;320
322;324
323;322
323;324
323;321
323;325
324;323
324;325
324;322
324;326
325;324
325;326
325;323
325;327
326;325
326;324
326;328
326;67
326;1361
327;328
327;325
327;329
328;327
328;329
328;326
328;330
328;1107
329;328
329;330
329;327
329;331
329;115
330;329
330;331
330;328
330;332
331;330
331;332
331;329
331;333
331;549
332;331
332;333
332;330
332;617
333;332
333;334
333;331
333;335
334;333
334;336
334;40
335;336
335;333
335;337
336;335
336;334
336;1290
336;610
337;338
337;335
337;339
337;911
338;337
338;339
338;1448
338;1261
339;338
339;340
339;337
339;66
340;339
340;342
340;181
340;306
341;342
341;343
341;953
342;341
342;343
342;340
342;344
342;1039
343;342
343;344
343;341
343;345
343;662
344;343
344;345
344;342
344;346
345;344
345;346
345;343
345;1003
346;345
346;347
346;344
346;348
347;346
347;348
347;703
348;347
348;349
348;346
348;1171
348;100
349;348
349;350
349;351
350;349
350;351
350;352
350;481
351;350
351;352
351;349
351;353
352;351
352;353
352;350
352;354
352;887
353;352
353;354
353;351
353;355
354;353
354;355
354;352
354;356
354;27
355;354
355;356
355;353
355;357
356;355
356;357
356;354
356;716
357;356
357;358
357;355
357;359
358;357
358;359
358;360
359;358
359;360
359;357
359;361
359;2
360;359
360;358
360;362
360;697
361;362
361;359
361;363
362;361
362;363
362;360
362;364
363;362
363;364
363;361
363;365
364;363
364;362
364;366
364;249
365;363
365;711
365;652
366;367
366;364
366;644
367;366
367;368
367;369
367;855
368;367
368;369
368;370
369;368
369;370
369;367
369;371
369;187
370;369
370;371
370;368
370;372
371;370
371;372
371;369
371;1020
372;371
372;373
372;370
372;374
372;664
373;372
373;1184
373;1311
374;375
374;372
374;376
375;374
375;376
375;377
376;375
376;377
376;374
376;378
377;376
377;378
377;375
377;379
378;377
378;379
378;376
378;380
379;378
379;380
379;377
379;381
380;379
380;381
380;378
380;1463
381;380
381;382
381;379
381;383
381;505
381;880
382;381
382;383
382;384
383;382
383;384
383;381
383;385
383;490
384;383
384;382
384;386
384;541
384;585
385;383
385;387
385;1496
385;1236
386;387
386;384
386;388
387;386
387;388
387;385
387;540
387;114
388;387
388;389
388;386
388;1165
388;197
389;388
389;390
389;1067
390;389
390;392
390;1455
390;1496
391;392
391;108
391;174
392;391
392;390
392;402
392;233
392;873
393;394
393;395
394;393
394;395
394;396
395;394
395;396
395;393
395;397
396;395
396;397
396;394
396;398
397;396
397;398
397;395
397;399
398;397
398;399
398;396
398;524
399;398
399;400
399;397
399;401
400;399
400;401
400;402
400;1370
401;400
401;399
401;403
401;112
402;403
402;400
402;392
402;1250
403;402
403;404
403;401
403;405
404;403
404;405
404;406
405;404
405;406
405;403
405;407
406;405
406;407
406;404
406;408
407;406
407;408
407;405
407;409
408;407
408;409
408;406
408;410
409;408
409;410
409;407
409;411
410;409
410;411
410;408
410;412
411;410
411;412
411;409
411;413
412;411
412;413
412;410
412;155
413;412
413;414
413;411
413;415
413;720
414;413
414;415
414;416
415;414
415;416
415;413
415;417
416;415
416;417
416;414
416;768
417;416
417;418
417;415
417;419
418;417
418;419
418;420
418;1070
419;418
419;420
419;417
419;421
420;419
420;421
420;418
420;422
421;420
421;419
421;423
421;1331
422;423
422;420
422;424
423;422
423;421
423;636
423;1135
423;462
424;425
424;422
424;890
425;424
425;426
425;427
426;425
426;427
426;428
426;774
427;426
427;425
427;429
427;33
428;429
428;426
428;582
429;428
429;430
429;427
429;431
429;1137
430;429
430;432
430;709
430;1498
431;432
431;429
431;433
431;1469
432;431
432;433
432;430
432;139
433;432
433;434
433;431
433;435
434;433
434;435
434;436
435;434
435;433
435;437
435;661
436;437
436;434
436;438
437;436
437;438
437;435
437;439
438;437
438;439
438;436
438;440
439;438
439;440
439;437
439;441
440;439
440;441
440;438
440;442
441;440
441;442
441;439
441;443
441;287
442;441
442;443
442;440
442;191
442;819
443;442
443;444
443;441
443;1164
443;1319
444;443
444;445
444;446
445;444
445;988
445;1087
446;447
446;444
446;448
446;1007
447;446
447;448
447;449
448;447
448;449
448;446
448;450
448;295
449;448
449;450
449;447
449;451
450;449
450;451
450;448
450;452
450;34
451;450
451;449
451;40
451;868
451;157
452;453
452;450
452;454
453;452
453;454
453;455
453;603
454;453
454;455
454;452
454;456
454;1256
455;454
455;456
455;453
455;457
456;455
456;457
456;454
456;458
456;1308
457;456
457;458
457;455
457;865
458;457
458;459
458;456
458;460
459;458
459;460
459;109
459;1463
460;459
460;458
460;462
460;41
461;462
461;463
462;461
462;463
462;460
462;464
462;423
463;462
463;464
463;461
463;465
464;463
464;465
464;462
464;466
464;931
465;464
465;466
465;463
465;467
466;465
466;464
466;468
466;1465
466;741
467;468
467;465
467;469
468;467
468;469
468;466
468;1197
469;468
469;470
469;467
469;471
470;469
470;471
470;472
471;470
471;472
471;469
471;594
471;954
472;471
472;473
472;470
472;474
473;472
473;974
473;1153
474;475
474;472
474;1192
474;1418
475;474
475;476
475;477
476;475
476;477
476;478
476;899
477;476
477;478
477;475
477;948
478;477
478;479
478;476
478;480
479;478
479;480
479;481
480;479
480;481
480;478
480;482
480;1284
481;480
481;482
481;479
481;350
482;481
482;483
482;480
482;484
483;482
483;484
483;696
484;483
484;482
484;486
484;931
485;486
485;487
485;538
486;485
486;487
486;484
486;488
486;1084
487;486
487;488
487;485
487;489
487;506
488;487
488;489
488;486
488;490
488;601
489;488
489;490
489;487
489;491
490;489
490;488
490;492
490;383
491;492
491;489
491;493
492;491
492;493
492;490
492;494
493;492
493;494
493;491
493;495
494;493
494;495
494;492
494;496
495;494
495;496
495;493
495;497
496;495
496;497
496;494
496;637
496;281
497;496
497;498
497;495
497;499
497;762
498;497
498;499
498;500
499;498
499;500
499;497
499;501
500;499
500;501
500;498
500;502
501;500
501;502
501;499
501;503
501;1319
501;1472
502;501
502;503
502;500
502;558
502;760
503;502
503;501
503;505
503;891
503;1348
504;505
504;506
505;504
505;503
505;507
505;381
505;1409
506;507
506;504
506;287
506;487
507;506
507;508
507;505
507;509
508;507
508;509
508;510
509;508
509;510
509;507
509;511
510;509
510;511
510;508
510;512
511;510
511;512
511;509
511;513
511;769
512;511
512;513
512;510
512;514
513;512
513;514
513;511
513;515
513;1347
514;513
514;515
514;512
514;516
514;718
515;514
515;513
515;517
515;1197
515;1354
516;517
516;514
516;518
517;516
517;518
517;515
517;519
518;517
518;516
518;520
518;208
519;517
519;521
519;539
520;521
520;518
520;522
521;520
521;522
521;519
521;523
522;521
522;523
522;520
522;524
523;522
523;524
523;521
523;1199
523;28
524;523
524;525
524;522
524;526
524;112
524;85
524;398
525;524
525;526
525;527
525;728
526;525
526;524
526;1304
526;1244
527;528
527;525
527;678
528;527
528;529
528;530
528;736
529;528
529;530
529;531
530;529
530;528
530;532
530;1198
531;532
531;529
531;1073
531;271
532;531
532;530
532;534
532;1192
532;850
532;126
533;534
533;535
534;533
534;535
534;532
534;536
535;534
535;536
535;533
535;537
535;1272
536;535
536;537
536;534
536;538
536;768
537;536
537;538
537;535
537;539
538;537
538;539
538;536
538;485
539;538
539;540
539;537
539;541
539;519
539;1006
540;539
540;542
540;387
541;542
541;539
541;384
541;568
541;1452
542;541
542;543
542;540
542;544
543;542
543;544
543;545
544;543
544;545
544;542
544;546
545;544
545;546
545;543
545;547
546;545
546;547
546;544
546;548
546;1281
547;546
547;545
547;549
547;1145
547;258
548;549
548;546
548;550
549;548
549;547
549;81
549;331
550;551
550;548
550;801
550;1449
551;550
551;552
551;553
552;551
552;553
552;554
553;552
553;554
553;551
553;555
554;553
554;552
554;556
554;289
554;1006
555;556
555;553
555;557
555;1398
555;202
555;293
556;555
556;557
556;554
556;558
556;1453
556;737
557;556
557;558
557;555
557;559
558;557
558;556
558;560
558;502
558;825
559;560
559;557
559;701
560;559
560;561
560;558
560;562
561;560
561;562
561;563
561;1108
562;561
562;563
562;560
562;564
562;894
563;562
563;564
563;561
563;565
564;563
564;565
564;562
564;600
565;564
565;566
565;563
565;567
566;565
566;567
566;568
567;566
567;568
567;565
567;569
568;567
568;566
568;570
568;541
569;570
569;567
569;571
570;569
570;571
570;568
570;572
571;570
571;572
571;569
571;573
572;571
572;573
572;570
572;922
572;110
573;572
573;574
573;571
573;1100
574;573
574;575
574;576
575;574
575;577
575;1246
576;577
576;574
576;578
577;576
577;578
577;575
577;721
577;1198
577;1190
578;577
578;579
578;576
578;580
579;578
579;580
579;296
579;3
580;579
580;581
580;578
580;582
581;580
581;582
581;583
582;581
582;583
582;580
582;584
582;296
582;428
583;582
583;584
583;581
583;585
584;583
584;585
584;582
584;586
585;584
585;583
585;587
585;384
586;587
586;584
586;1360
587;586
587;588
587;585
587;589
588;587
588;589
588;590
589;588
589;590
589;587
589;591
590;589
590;591
590;588
590;592
590;670
591;590
591;589
591;593
591;1162
592;590
592;594
592;25
593;594
593;591
593;595
594;593
594;592
594;596
594;471
594;853
595;593
595;597
595;668
596;597
596;594
596;598
597;596
597;598
597;595
597;599
598;597
598;599
598;596
598;600
599;598
599;597
599;601
599;21
600;601
600;598
600;602
600;564
601;600
601;599
601;488
601;746
602;600
602;604
602;26
603;604
603;453
603;1216
604;603
604;605
604;602
604;606
604;895
605;604
605;606
605;607
605;851
605;1010
606;605
606;607
606;604
606;608
607;606
607;608
607;605
607;609
607;1478
608;607
608;609
608;606
608;610
609;608
609;610
609;607
609;611
610;609
610;611
610;608
610;612
610;336
611;610
611;612
611;609
611;613
612;611
612;613
612;610
612;614
613;612
613;614
613;611
613;971
613;808
614;613
614;615
614;612
614;616
615;614
615;616
615;949
616;615
616;617
616;614
616;618
616;1397
616;1195
617;616
617;618
617;619
617;97
617;332
618;617
618;619
618;616
618;620
618;892
618;1404
619;618
619;620
619;617
619;621
620;619
620;621
620;618
620;622
621;620
621;622
621;619
621;623
622;621
622;623
622;620
622;624
623;622
623;624
623;621
623;625
624;623
624;625
624;622
624;626
625;624
625;623
625;627
625;933
626;627
626;624
626;628
627;626
627;625
627;1173
627;1200
627;719
628;629
628;626
628;630
629;628
629;630
629;945
630;629
630;631
630;628
630;632
631;630
631;632
631;633
631;237
632;631
632;630
632;634
632;823
633;634
633;631
633;635
634;633
634;632
634;636
634;1345
635;636
635;633
635;766
636;635
636;634
636;638
636;423
636;90
637;496
637;239
637;868
638;639
638;636
638;640
638;673
639;638
639;641
639;1295
640;638
640;642
640;726
641;642
641;639
641;643
641;1209
642;641
642;640
642;644
642;151
643;644
643;641
643;645
644;643
644;645
644;642
644;646
644;366
645;644
645;646
645;643
645;170
645;127
646;645
646;647
646;644
646;648
647;646
647;648
647;649
647;265
648;647
648;649
648;646
648;650
648;987
649;648
649;650
649;647
649;651
650;649
650;648
650;652
650;90
650;1344
651;652
651;649
651;653
652;651
652;653
652;650
652;365
652;874
653;652
653;654
653;651
653;655
654;653
654;655
654;1174
655;654
655;656
655;653
655;657
656;655
656;658
656;906
656;1346
657;658
657;655
657;1197
658;657
658;656
658;1390
658;1096
659;660
659;840
660;659
660;661
660;662
661;660
661;662
661;663
661;435
662;661
662;663
662;660
662;343
663;662
663;664
663;661
663;665
663;758
664;663
664;666
664;372
665;666
665;663
665;667
665;1425
666;665
666;667
666;664
666;668
667;666
667;668
667;665
667;1025
668;667
668;669
668;666
668;670
668;595
669;668
669;670
669;671
670;669
670;671
670;668
670;590
671;670
671;672
671;669
671;673
672;671
672;673
672;674
673;672
673;671
673;675
673;104
673;638
673;319
674;672
674;676
674;1474
675;673
675;677
675;1130
676;674
676;678
676;5
677;675
677;679
677;986
677;220
678;679
678;676
678;680
678;778
678;1227
678;527
679;678
679;680
679;677
679;681
680;679
680;681
680;678
680;746
681;680
681;682
681;679
681;161
681;37
682;681
682;683
682;684
683;682
683;684
683;685
684;683
684;685
684;682
684;686
685;684
685;686
685;683
685;687
685;1287
686;685
686;687
686;684
686;2
687;686
687;685
687;689
687;125
688;689
688;690
689;688
689;690
689;687
689;845
690;689
690;691
690;688
690;692
691;690
691;692
691;693
692;691
692;693
692;690
692;694
693;692
693;694
693;691
693;695
694;693
694;695
694;692
694;696
695;694
695;696
695;693
695;1464
696;695
696;694
696;698
696;101
696;483
697;698
697;699
697;360
698;697
698;699
698;696
698;700
699;698
699;700
699;697
699;701
700;699
700;701
700;698
700;702
701;700
701;702
701;699
701;703
701;559
702;701
702;703
702;700
702;704
703;702
703;701
703;705
703;193
703;1319
703;347
704;705
704;702
704;706
705;704
705;706
705;703
705;707
705;1046
706;705
706;704
706;708
706;48
706;1442
707;708
707;705
707;709
707;1249
708;707
708;709
708;706
708;710
708;995
709;708
709;710
709;707
709;711
709;430
710;709
710;711
710;708
710;712
711;710
711;712
711;709
711;713
711;365
712;711
712;713
712;710
712;714
713;712
713;714
713;711
713;1164
714;713
714;715
714;712
714;716
715;714
715;716
715;717
716;715
716;717
716;714
716;718
716;356
717;716
717;718
717;715
717;719
718;717
718;716
718;720
718;514
718;1068
719;717
719;1280
719;627
720;721
720;718
720;413
721;720
721;577
721;1004
722;723
722;724
723;722
723;725
723;1072
724;725
724;722
724;726
725;724
725;726
725;723
725;727
726;725
726;727
726;724
726;728
726;640
726;894
727;726
727;728
727;725
727;729
728;727
728;726
728;730
728;525
729;730
729;727
729;731
730;729
730;731
730;728
730;732
730;1000
731;730
731;732
731;729
731;733
731;734
732;731
732;730
732;734
732;1172
732;1271
733;734
733;731
733;735
734;733
734;732
734;736
734;731
735;736
735;733
735;737
736;735
736;734
736;738
736;528
737;738
737;735
737;556
738;737
738;739
738;736
738;740
739;738
739;740
739;741
739;773
740;739
740;741
740;738
740;742
741;740
741;739
741;743
741;466
742;743
742;740
742;187
743;742
743;744
743;741
743;745
744;743
744;745
744;746
744;1360
744;1392
745;744
745;746
745;743
745;747
746;745
746;747
746;744
746;748
746;601
746;680
747;746
747;748
747;745
747;749
747;935
748;747
748;749
748;746
748;750
748;6
748;1382
749;748
749;750
749;747
749;751
749;298
750;749
750;751
750;748
750;752
751;750
751;752
751;749
751;753
752;751
752;753
752;750
752;754
753;752
753;754
753;751
753;755
754;753
754;755
754;752
754;756
755;754
755;756
755;753
755;757
756;755
756;757
756;754
756;1317
756;1496
757;756
757;758
757;755
757;1092
758;757
758;759
758;663
759;758
759;760
759;761
759;250
759;1214
760;759
760;761
760;762
760;502
761;760
761;762
761;759
761;763
761;824
762;761
762;760
762;764
762;497
763;764
763;761
763;315
764;763
764;765
764;762
764;766
764;804
765;764
765;766
765;767
766;765
766;767
766;764
766;635
766;235
767;766
767;768
767;765
767;769
768;767
768;770
768;536
768;416
769;770
769;767
769;511
770;769
770;771
770;768
770;772
771;770
771;772
771;773
772;771
772;773
772;770
772;811
772;1414
772;1322
773;772
773;774
773;771
773;739
774;773
774;776
774;426
775;776
775;777
775;1407
776;775
776;777
776;774
776;778
777;776
777;778
777;775
777;779
777;933
778;777
778;776
778;780
778;678
779;780
779;777
779;781
779;31
780;779
780;781
780;778
780;782
781;780
781;782
781;779
781;783
782;781
782;783
782;780
782;784
783;782
783;784
783;781
783;785
784;783
784;785
784;782
784;786
785;784
785;786
785;783
785;787
786;785
786;787
786;784
786;788
787;786
787;788
787;785
787;789
788;787
788;789
788;786
788;790
789;788
789;787
789;791
789;1126
789;813
790;791
790;788
790;792
791;790
791;792
791;789
791;793
792;791
792;793
792;790
792;794
792;183
793;792
793;794
793;791
793;795
794;793
794;795
794;792
794;796
795;794
795;796
795;793
795;797
796;795
796;797
796;794
796;798
796;236
797;796
797;798
797;795
797;1028
797;819
798;797
798;799
798;796
798;154
799;798
799;800
799;801
799;279
800;799
800;801
800;802
800;816
801;800
801;799
801;803
801;550
802;803
802;800
802;804
802;176
802;1163
802;1193
803;802
803;804
803;801
803;805
803;1016
804;803
804;802
804;806
804;764
805;806
805;803
805;807
806;805
806;807
806;804
806;808
806;1312
807;806
807;808
807;805
807;809
808;807
808;809
808;806
808;810
808;613
809;808
809;810
809;807
809;811
809;1221
810;809
810;811
810;808
810;812
811;810
811;809
811;813
811;772
812;813
812;810
812;814
813;812
813;811
813;815
813;789
814;815
814;812
814;816
814;174
815;814
815;816
815;813
815;817
816;815
816;817
816;814
816;800
817;816
817;815
817;819
817;1230
818;819
818;820
819;818
819;820
819;817
819;442
819;797
820;819
820;818
820;822
820;1429
820;1300
821;822
821;823
822;821
822;823
822;820
822;824
823;822
823;824
823;821
823;825
823;632
824;823
824;822
824;826
824;761
824;962
824;128
824;892
825;823
825;558
825;1223
826;827
826;824
826;828
827;826
827;828
827;829
828;827
828;829
828;826
828;830
829;828
829;830
829;827
829;831
830;829
830;828
830;832
830;166
831;832
831;829
831;833
831;924
832;831
832;833
832;830
832;834
833;832
833;831
833;835
833;1118
834;835
834;832
834;1051
835;834
835;833
835;837
835;1193
835;1008
835;1016
836;837
836;1257
836;986
836;1230
837;836
837;838
837;835
837;839
837;1179
838;837
838;839
838;840
839;838
839;837
839;841
839;1024
840;841
840;838
840;842
840;659
841;840
841;842
841;839
841;843
842;841
842;840
842;844
842;870
842;1250
843;841
843;845
843;1204
844;845
844;842
844;846
845;844
845;843
845;847
845;859
845;689
846;847
846;844
846;848
847;846
847;845
847;849
847;1247
848;849
848;846
848;850
849;848
849;850
849;847
849;851
849;1266
850;849
850;848
850;852
850;532
850;997
851;852
851;849
851;605
852;851
852;853
852;850
852;238
852;1094
853;852
853;855
853;38
853;594
854;856
854;992
855;853
855;857
855;367
856;857
856;854
856;858
857;856
857;858
857;855
857;859
857;34
858;857
858;859
858;856
858;860
859;858
859;860
859;857
859;861
859;845
860;859
860;861
860;858
860;862
860;1251
861;860
861;862
861;859
861;1400
861;1087
862;861
862;863
862;860
862;864
862;171
863;862
863;865
863;2
864;865
864;862
864;866
865;864
865;866
865;863
865;867
865;275
865;457
866;865
866;867
866;864
866;868
867;866
867;868
867;865
867;869
868;867
868;869
868;866
868;451
868;637
869;868
869;870
869;867
869;871
870;869
870;871
870;872
870;842
871;870
871;869
871;873
871;1473
871;1320
872;873
872;870
872;874
873;872
873;874
873;871
873;143
873;1003
873;392
874;873
874;875
874;872
874;876
874;652
875;874
875;876
875;877
876;875
876;877
876;874
876;878
877;876
877;878
877;875
877;879
878;877
878;879
878;876
878;880
879;878
879;880
879;877
879;881
879;1320
880;879
880;881
880;878
880;381
881;880
881;879
881;251
881;1152
882;883
882;884
883;882
883;884
883;885
884;883
884;885
884;882
884;886
885;884
885;886
885;883
885;887
886;885
886;887
886;884
886;888
887;886
887;885
887;889
887;352
888;889
888;886
888;890
889;888
889;890
889;887
889;891
890;889
890;891
890;888
890;892
890;424
891;890
891;892
891;889
891;893
891;503
892;891
892;890
892;618
892;824
893;891
893;895
893;1218
893;1332
894;562
894;726
895;893
895;897
895;604
896;897
896;898
897;896
897;898
897;895
897;899
898;897
898;899
898;896
898;900
899;898
899;900
899;897
899;476
900;899
900;901
900;898
900;902
901;900
901;902
901;903
902;901
902;903
902;900
902;904
903;902
903;904
903;901
903;113
904;903
904;902
904;1208
904;1418
904;1044
905;906
905;907
906;905
906;656
906;143
906;251
907;905
907;909
907;1229
908;909
908;910
908;1286
909;908
909;910
909;907
909;911
909;1062
910;909
910;908
910;912
910;301
911;912
911;909
911;337
912;911
912;913
912;910
912;914
913;912
913;914
913;915
914;913
914;915
914;912
914;916
915;914
915;916
915;913
915;917
916;915
916;914
916;918
916;1384
917;918
917;915
917;927
918;917
918;919
918;916
918;920
918;1454
919;918
919;920
919;921
920;919
920;921
920;918
920;922
921;920
921;922
921;919
921;923
922;921
922;920
922;924
922;572
923;924
923;921
923;925
924;923
924;925
924;922
924;831
925;924
925;926
925;923
925;927
926;925
926;928
926;1127
927;928
927;925
927;929
927;1153
927;917
928;927
928;926
928;930
928;30
929;930
929;927
929;931
930;929
930;928
930;932
930;171
931;929
931;933
931;484
931;464
932;933
932;930
932;934
933;932
933;931
933;935
933;625
933;777
933;1043
934;935
934;932
934;936
935;934
935;936
935;933
935;747
936;935
936;937
936;934
936;938
937;936
937;938
937;939
938;937
938;939
938;936
938;106
939;938
939;940
939;937
939;941
940;939
940;942
940;280
941;939
941;943
941;0
942;943
942;940
942;944
943;942
943;944
943;941
943;945
943;1351
944;943
944;945
944;942
944;946
945;944
945;946
945;943
945;629
945;1324
946;945
946;947
946;944
946;1284
947;946
947;948
947;949
947;1156
948;947
948;949
948;950
948;477
949;948
949;950
949;947
949;951
949;615
950;949
950;948
950;952
950;1175
951;952
951;949
951;953
951;36
952;951
952;953
952;950
952;954
953;952
953;954
953;951
953;244
953;341
954;953
954;955
954;952
954;956
954;65
954;471
955;954
955;956
955;957
956;955
956;954
956;1089
956;77
957;958
957;955
957;959
958;957
958;960
958;1117
959;960
959;957
959;961
960;959
960;961
960;958
960;962
961;960
961;962
961;959
961;963
961;1478
962;961
962;960
962;964
962;824
963;961
963;965
963;241
964;965
964;962
964;966
964;1
965;964
965;966
965;963
965;967
966;965
966;967
966;964
966;968
967;966
967;968
967;965
967;969
968;967
968;969
968;966
968;970
969;968
969;967
969;971
969;105
970;971
970;968
970;972
970;168
971;970
971;969
971;973
971;613
971;1047
972;973
972;970
972;974
972;1140
973;972
973;974
973;971
973;975
974;973
974;975
974;972
974;976
974;473
975;974
975;976
975;973
975;977
976;975
976;977
976;974
976;978
977;976
977;978
977;975
977;979
978;977
978;976
978;980
978;227
979;980
979;977
979;981
980;979
980;981
980;978
980;982
981;980
981;982
981;979
981;983
982;981
982;983
982;980
982;984
983;982
983;984
983;981
983;985
984;983
984;985
984;982
984;986
985;984
985;986
985;983
985;987
986;985
986;987
986;984
986;988
986;677
986;836
987;986
987;988
987;985
987;648
988;987
988;986
988;990
988;445
988;240
988;1224
989;990
989;991
990;989
990;988
990;992
990;1358
991;989
991;993
991;76
992;993
992;990
992;994
992;854
993;992
993;994
993;991
993;995
993;2
994;993
994;995
994;992
994;996
995;994
995;996
995;993
995;1350
995;708
995;1160
995;1202
996;995
996;997
996;994
996;998
997;996
997;998
997;850
998;997
998;999
998;996
998;1065
999;998
999;1000
999;1001
1000;999
1000;1001
1000;730
1001;1000
1001;1002
1001;999
1001;1003
1002;1001
1002;1003
1002;1004
1003;1002
1003;1001
1003;1005
1003;873
1003;345
1004;1005
1004;1002
1004;1006
1004;1114
1004;721
1005;1004
1005;1003
1005;1007
1005;1496
1006;1007
1006;1004
1006;554
1006;539
1007;1006
1007;1008
1007;1005
1007;58
1007;1488
1007;446
1008;1007
1008;1010
1008;835
1009;1010
1009;1011
1010;1009
1010;1011
1010;1008
1010;605
1011;1010
1011;1012
1011;1009
1011;1013
1012;1011
1012;1014
1012;1365
1013;1014
1013;1011
1013;1015
1013;1098
1014;1013
1014;1015
1014;1012
1014;1016
1014;1475
1015;1014
1015;1016
1015;1013
1015;1017
1016;1015
1016;1014
1016;803
1016;835
1017;1018
1017;1015
1017;1019
1018;1017
1018;1019
1018;1020
1019;1018
1019;1020
1019;1017
1019;1262
1019;98
1020;1019
1020;1018
1020;1022
1020;1398
1020;371
1021;1022
1021;1023
1022;1021
1022;1023
1022;1020
1022;1024
1023;1022
1023;1024
1023;1021
1023;1025
1024;1023
1024;1025
1024;1022
1024;1026
1024;839
1025;1024
1025;1026
1025;1023
1025;1027
1025;667
1026;1025
1026;1027
1026;1024
1026;1028
1027;1026
1027;1028
1027;1025
1027;1029
1027;90
1028;1027
1028;1029
1028;1026
1028;1030
1028;797
1029;1028
1029;1027
1029;1031
1029;221
1030;1031
1030;1028
1030;1032
1030;111
1031;1030
1031;1032
1031;1029
1031;1033
1032;1031
1032;1033
1032;1030
1032;1034
1033;1032
1033;1034
1033;1031
1033;1035
1034;1033
1034;1035
1034;1032
1034;1036
1035;1034
1035;1036
1035;1033
1035;1037
1036;1035
1036;1037
1036;1034
1036;1038
1037;1036
1037;1038
1037;1035
1037;1039
1038;1037
1038;1039
1038;1036
1038;1040
1039;1038
1039;1040
1039;1037
1039;342
1040;1039
1040;1041
1040;1038
1040;231
1041;1040
1041;1042
1041;1043
1042;1041
1042;1043
1042;1044
1043;1042
1043;1041
1043;933
1043;1483
1044;1045
1044;1042
1044;904
1045;1044
1045;1046
1045;1047
1045;1246
1045;1077
1045;1487
1046;1045
1046;1047
1046;705
1047;1046
1047;1048
1047;1045
1047;971
1048;1047
1048;1049
1048;1050
1049;1048
1049;1050
1049;1051
1050;1049
1050;1051
1050;1048
1050;1052
1051;1050
1051;1052
1051;1049
1051;1053
1051;834
1052;1051
1052;1053
1052;1050
1052;1054
1053;1052
1053;1054
1053;1051
1053;1055
1054;1053
1054;1055
1054;1052
1054;1269
1055;1054
1055;1056
1055;1053
1055;1057
1056;1055
1056;1058
1056;1402
1056;1208
1057;1058
1057;1055
1057;1059
1058;1057
1058;1059
1058;1056
1058;1060
1058;175
1059;1058
1059;1060
1059;1057
1059;1061
1060;1059
1060;1061
1060;1058
1060;1062
1061;1060
1061;1062
1061;1059
1061;1063
1062;1061
1062;1060
1062;1064
1062;909
1063;1064
1063;1061
1063;1065
1064;1063
1064;1065
1064;1062
1064;1066
1064;1362
1065;1064
1065;1066
1065;1063
1065;1067
1065;998
1066;1065
1066;1067
1066;1064
1066;1068
1066;1303
1067;1066
1067;1068
1067;1065
1067;1069
1067;389
1068;1067
1068;1069
1068;1066
1068;1093
1068;718
1069;1068
1069;1070
1069;1067
1069;1071
1070;1069
1070;1071
1070;418
1071;1070
1071;1072
1071;1069
1071;1073
1071;295
1072;1071
1072;1074
1072;723
1072;1431
1073;1071
1073;1075
1073;531
1074;1075
1074;1072
1074;1076
1075;1074
1075;1076
1075;1073
1075;1077
1075;1253
1076;1075
1076;1077
1076;1074
1076;1078
1077;1076
1077;1078
1077;1075
1077;1221
1077;1241
1077;1045
1078;1077
1078;1079
1078;1076
1078;1080
1079;1078
1079;1080
1079;1081
1080;1079
1080;1081
1080;1078
1080;1082
1081;1080
1081;1082
1081;1079
1081;1083
1082;1081
1082;1083
1082;1080
1082;1084
1082;78
1083;1082
1083;1084
1083;1081
1083;1085
1084;1083
1084;1082
1084;100
1084;486
1085;1086
1085;1083
1085;1087
1086;1085
1086;1087
1086;1088
1087;1086
1087;1085
1087;1451
1087;445
1087;861
1088;1089
1088;1086
1088;1090
1089;1088
1089;1090
1089;1091
1089;956
1090;1089
1090;1091
1090;1088
1090;1092
1091;1090
1091;1092
1091;1089
1091;1095
1092;1091
1092;1090
1092;1094
1092;1411
1092;757
1093;1095
1093;1068
1094;1095
1094;1092
1094;852
1094;235
1095;1094
1095;1096
1095;1093
1095;1097
1095;1091
1096;1095
1096;1097
1096;1098
1096;271
1096;658
1097;1096
1097;1098
1097;1095
1097;1099
1098;1097
1098;1096
1098;32
1098;1013
1099;1100
1099;1097
1099;1101
1100;1099
1100;1101
1100;1102
1100;573
1101;1100
1101;1102
1101;1099
1101;1103
1101;196
1102;1101
1102;1103
1102;1100
1102;1104
1103;1102
1103;1104
1103;1101
1103;1105
1104;1103
1104;1102
1104;1106
1104;10
1104;1429
1105;1106
1105;1103
1105;1107
1106;1105
1106;1107
1106;1104
1106;1108
1107;1106
1107;1105
1107;1109
1107;328
1108;1106
1108;262
1108;561
1108;102
1109;1110
1109;1107
1109;1111
1109;1384
1110;1109
1110;1111
1110;1112
1110;84
1111;1110
1111;1112
1111;1109
1111;1113
1112;1111
1112;1113
1112;1110
1112;1114
1112;1177
1113;1112
1113;1114
1113;1111
1113;1243
1114;1113
1114;1112
1114;1116
1114;1004
1115;1116
1115;1117
1116;1115
1116;1117
1116;1114
1116;1118
1117;1116
1117;1118
1117;1115
1117;1119
1117;958
1118;1117
1118;1119
1118;1116
1118;1120
1118;833
1119;1118
1119;1120
1119;1117
1119;1121
1120;1119
1120;1121
1120;1118
1120;1122
1121;1120
1121;1122
1121;1119
1121;1123
1121;1125
1122;1121
1122;1120
1122;1124
1122;190
1123;1124
1123;1121
1123;1125
1124;1123
1124;1125
1124;1122
1124;1126
1125;1124
1125;1126
1125;1123
1125;1121
1126;1125
1126;1127
1126;1124
1126;1128
1126;789
1127;1126
1127;1128
1127;1129
1127;926
1128;1127
1128;1129
1128;1126
1128;1130
1129;1128
1129;1130
1129;1127
1129;61
1129;1266
1130;1129
1130;1131
1130;1128
1130;1132
1130;675
1131;1130
1131;1132
1131;1404
1132;1131
1132;1133
1132;1130
1132;1134
1133;1132
1133;1134
1133;1135
1134;1133
1134;1135
1134;1132
1134;1136
1135;1134
1135;1133
1135;1137
1135;423
1136;1137
1136;1134
1136;1138
1137;1136
1137;1138
1137;1135
1137;429
1138;1137
1138;1139
1138;1136
1138;1140
1139;1138
1139;1140
1139;1141
1140;1139
1140;1138
1140;1142
1140;972
1141;1142
1141;1139
1141;1143
1142;1141
1142;1143
1142;1140
1142;1144
1143;1142
1143;1144
1143;1141
1143;1145
1144;1143
1144;1145
1144;1142
1144;1146
1145;1144
1145;1146
1145;1143
1145;1147
1145;547
1146;1145
1146;1147
1146;1144
1146;1148
1147;1146
1147;1148
1147;1145
1147;1149
1148;1147
1148;1149
1148;1146
1148;1150
1149;1148
1149;1150
1149;1147
1149;1151
1150;1149
1150;1151
1150;1148
1150;1152
1151;1150
1151;1152
1151;1149
1151;1153
1152;1151
1152;1153
1152;1150
1152;1154
1152;881
1153;1152
1153;1151
1153;1155
1153;927
1153;473
1154;1155
1154;1152
1154;1156
1155;1154
1155;1156
1155;1153
1155;1157
1155;1242
1156;1155
1156;1157
1156;1154
1156;947
1156;1207
1157;1156
1157;1158
1157;1155
1157;1159
1157;50
1158;1157
1158;1159
1158;1239
1158;312
1159;1158
1159;1160
1159;1157
1159;1161
1160;1159
1160;1161
1160;995
1161;1160
1161;1159
1161;26
1161;3
1161;17
1162;1163
1162;1164
1162;591
1163;1162
1163;1165
1163;802
1164;1165
1164;1162
1164;1166
1164;443
1164;713
1165;1164
1165;1163
1165;1167
1165;388
1166;1167
1166;1164
1166;1168
1167;1166
1167;1168
1167;1165
1167;1169
1168;1167
1168;1166
1168;1451
1168;1268
1169;1170
1169;1167
1169;1171
1169;1288
1170;1169
1170;1171
1170;1172
1171;1170
1171;1169
1171;1173
1171;348
1172;1173
1172;1170
1172;1174
1172;732
1173;1172
1173;1174
1173;1171
1173;627
1173;1319
1174;1173
1174;1175
1174;1172
1174;1176
1174;654
1175;1174
1175;1176
1175;1177
1175;950
1176;1175
1176;1177
1176;1174
1176;1178
1177;1176
1177;1175
1177;1179
1177;1112
1178;1179
1178;1176
1178;1180
1179;1178
1179;1177
1179;1181
1179;837
1180;1181
1180;1178
1180;1182
1181;1180
1181;1182
1181;1179
1181;1183
1181;1214
1182;1181
1182;1183
1182;1180
1182;1184
1183;1182
1183;1184
1183;1181
1183;1185
1184;1183
1184;1182
1184;1186
1184;373
1184;1221
1185;1186
1185;1183
1185;1187
1186;1185
1186;1187
1186;1184
1186;1188
1186;249
1187;1186
1187;1188
1187;1185
1187;1189
1188;1187
1188;1189
1188;1186
1188;1190
1189;1188
1189;1190
1189;1187
1189;1191
1190;1189
1190;1191
1190;1188
1190;577
1190;1314
1191;1190
1191;1192
1191;1189
1191;1282
1192;1191
1192;1193
1192;1194
1192;532
1192;474
1193;1192
1193;1195
1193;835
1193;802
1194;1195
1194;1192
1194;1196
1195;1194
1195;1196
1195;1193
1195;616
1196;1195
1196;1197
1196;1194
1196;1198
1196;121
1197;1196
1197;1198
1197;1199
1197;515
1197;468
1197;657
1198;1197
1198;1196
1198;1200
1198;530
1198;577
1199;1197
1199;1201
1199;523
1200;1201
1200;1198
1200;1202
1200;627
1201;1200
1201;1202
1201;1199
1201;1203
1202;1201
1202;1203
1202;1200
1202;995
1203;1202
1203;1204
1203;1201
1203;1205
1204;1203
1204;1205
1204;1206
1204;843
1205;1204
1205;1206
1205;1203
1205;1207
1206;1205
1206;1207
1206;1204
1206;1208
1207;1206
1207;1208
1207;1205
1207;1156
1208;1207
1208;1206
1208;1210
1208;904
1208;1056
1209;1211
1209;641
1210;1211
1210;1208
1210;1212
1211;1210
1211;1212
1211;1209
1211;1213
1212;1211
1212;1213
1212;1210
1212;1214
1213;1212
1213;1214
1213;1211
1213;1215
1214;1213
1214;1212
1214;759
1214;1181
1215;1216
1215;1213
1215;1217
1216;1215
1216;1217
1216;603
1217;1216
1217;1218
1217;1215
1217;1219
1217;1272
1218;1217
1218;1219
1218;893
1218;77
1219;1218
1219;1217
1219;1221
1219;1474
1220;1221
1220;1222
1221;1220
1221;1219
1221;1184
1221;1077
1221;809
1222;1223
1222;1220
1222;1224
1223;1222
1223;1224
1223;1225
1223;825
1224;1223
1224;1222
1224;1226
1224;988
1225;1226
1225;1223
1225;1227
1226;1225
1226;1227
1226;1224
1226;1484
1227;1226
1227;1225
1227;1229
1227;678
1228;1229
1228;1230
1229;1228
1229;1230
1229;1227
1229;1231
1229;907
1230;1229
1230;1231
1230;1228
1230;817
1230;836
1231;1230
1231;1232
1231;1229
1231;1233
1231;299
1232;1231
1232;1233
1232;1234
1233;1232
1233;1234
1233;1231
1233;1235
1233;301
1234;1233
1234;1232
1234;1236
1234;301
1235;1236
1235;1233
1235;1237
1235;1464
1236;1235
1236;1237
1236;1234
1236;385
1237;1236
1237;1238
1237;1235
1237;1239
1238;1237
1238;1239
1238;1240
1239;1238
1239;1237
1239;1241
1239;1158
1240;1241
1240;1238
1240;1242
1241;1240
1241;1239
1241;1243
1241;1077
1242;1240
1242;1155
1242;1255
1243;1244
1243;1241
1243;1113
1243;248
1244;1243
1244;1245
1244;1246
1244;526
1245;1244
1245;1246
1245;33
1246;1245
1246;1244
1246;1248
1246;157
1246;575
1246;1045
1247;1248
1247;1249
1247;847
1248;1247
1248;1249
1248;1246
1248;1250
1249;1248
1249;1250
1249;1247
1249;707
1249;1310
1250;1249
1250;1251
1250;1248
1250;402
1250;842
1251;1250
1251;1253
1251;860
1252;1253
1252;1254
1253;1252
1253;1254
1253;1251
1253;1075
1254;1253
1254;1255
1254;1252
1254;1390
1255;1254
1255;1256
1255;1257
1255;1242
1256;1255
1256;1257
1256;454
1257;1256
1257;1255
1257;1259
1257;836
1258;1259
1258;1260
1259;1258
1259;1260
1259;1257
1259;1274
1260;1259
1260;1261
1260;1258
1260;1262
1261;1260
1261;1262
1261;1263
1261;338
1262;1261
1262;1260
1262;1264
1262;1019
1263;1264
1263;1261
1263;1265
1264;1263
1264;1265
1264;1262
1264;1266
1265;1264
1265;1266
1265;1263
1265;1267
1266;1265
1266;1264
1266;122
1266;849
1266;1129
1267;1268
1267;1265
1267;1269
1267;6
1268;1267
1268;1270
1268;301
1268;1168
1269;1270
1269;1267
1269;1271
1269;1054
1270;1269
1270;1271
1270;1268
1270;1272
1271;1270
1271;1269
1271;1273
1271;732
1272;1270
1272;1217
1272;535
1273;1274
1273;1271
1273;1275
1274;1273
1274;1275
1274;1276
1274;1259
1275;1274
1275;1276
1275;1273
1275;1277
1276;1275
1276;1277
1276;1274
1276;1278
1277;1276
1277;1278
1277;1275
1277;1279
1278;1277
1278;1276
1278;1280
1278;118
1279;1280
1279;1277
1279;1281
1280;1279
1280;1281
1280;1278
1280;1282
1280;719
1280;1497
1281;1280
1281;1279
1281;1412
1281;546
1282;1283
1282;1280
1282;1284
1282;1191
1283;1282
1283;1284
1283;1285
1284;1283
1284;1282
1284;1286
1284;480
1284;946
1285;1286
1285;1283
1285;1287
1285;1356
1286;1285
1286;1284
1286;1288
1286;908
1287;1288
1287;1285
1287;213
1287;685
1288;1287
1288;1289
1288;1286
1288;1169
1289;1288
1289;1290
1289;1291
1290;1289
1290;1291
1290;1292
1290;336
1291;1290
1291;1292
1291;1289
1291;1293
1292;1291
1292;1293
1292;1290
1292;1294
1293;1292
1293;1294
1293;1291
1293;1295
1294;1293
1294;1295
1294;1292
1294;116
1294;1441
1295;1294
1295;1296
1295;1293
1295;1297
1295;639
1296;1295
1296;1297
1296;1298
1297;1296
1297;1298
1297;1295
1297;1299
1297;117
1298;1297
1298;1299
1298;1296
1298;1300
1299;1298
1299;1300
1299;1297
1299;1301
1300;1299
1300;1298
1300;1302
1300;49
1300;820
1301;1302
1301;1299
1301;1303
1302;1301
1302;1303
1302;1300
1302;1304
1303;1302
1303;1304
1303;1301
1303;1066
1304;1303
1304;1305
1304;1302
1304;1306
1304;526
1305;1304
1305;1306
1305;1307
1306;1305
1306;1307
1306;1304
1306;1308
1307;1306
1307;1308
1307;1305
1307;57
1308;1307
1308;1306
1308;1310
1308;456
1309;1310
1309;1311
1310;1309
1310;1311
1310;1308
1310;1249
1311;1310
1311;1312
1311;1309
1311;1313
1311;373
1312;1311
1312;1313
1312;806
1313;1312
1313;1314
1313;1311
1313;1315
1314;1313
1314;1315
1314;1316
1314;1190
1315;1314
1315;1316
1315;1313
1315;1317
1316;1315
1316;1314
1316;1375
1316;1429
1317;1315
1317;1319
1317;756
1318;1319
1318;1320
1318;301
1319;1318
1319;1317
1319;703
1319;501
1319;1173
1319;443
1320;1318
1320;879
1320;871
1321;1322
1321;1323
1322;1321
1322;1323
1322;772
1323;1322
1323;1324
1323;1321
1323;1325
1323;1385
1324;1323
1324;1325
1324;945
1324;101
1325;1324
1325;1326
1325;1323
1325;1327
1326;1325
1326;1327
1326;310
1327;1326
1327;1328
1327;1325
1327;1329
1328;1327
1328;1329
1328;11
1329;1328
1329;1330
1329;1327
1329;1331
1330;1329
1330;1331
1330;1332
1331;1330
1331;1332
1331;1329
1331;421
1331;82
1332;1331
1332;1330
1332;1334
1332;893
1333;1334
1333;1335
1334;1333
1334;1335
1334;1332
1334;1368
1335;1334
1335;1336
1335;1333
1335;1337
1336;1335
1336;1337
1336;1338
1337;1336
1337;1338
1337;1335
1337;1339
1338;1337
1338;1339
1338;1336
1338;1340
1339;1338
1339;1340
1339;1337
1339;1341
1340;1339
1340;1341
1340;1338
1340;1342
1341;1340
1341;1342
1341;1339
1341;1488
1342;1341
1342;1343
1342;1340
1342;1344
1343;1342
1343;1344
1343;1345
1343;1492
1344;1343
1344;1342
1344;1346
1344;650
1345;1346
1345;1343
1345;1347
1345;634
1346;1345
1346;1344
1346;1348
1346;656
1347;1345
1347;1349
1347;513
1348;1349
1348;1346
1348;503
1349;1348
1349;1350
1349;1347
1349;1351
1350;1349
1350;1352
1350;995
1351;1352
1351;1349
1351;943
1352;1351
1352;1353
1352;1350
1352;1354
1353;1352
1353;1354
1353;1355
1354;1353
1354;1352
1354;1356
1354;515
1355;1356
1355;1353
1355;1357
1356;1355
1356;1357
1356;1354
1356;1285
1357;1356
1357;1358
1357;1355
1357;1359
1358;1357
1358;1359
1358;1360
1358;990
1359;1358
1359;1360
1359;1357
1359;231
1360;1359
1360;1358
1360;1362
1360;744
1360;586
1361;1362
1361;1363
1361;326
1362;1361
1362;1363
1362;1360
1362;1064
1363;1362
1363;1364
1363;1361
1363;1365
1363;219
1364;1363
1364;1365
1364;1366
1365;1364
1365;1366
1365;1363
1365;1367
1365;1012
1365;102
1366;1365
1366;1367
1366;1364
1366;225
1366;255
1367;1366
1367;1368
1367;1365
1367;1369
1368;1367
1368;1369
1368;1370
1368;1334
1369;1368
1369;1370
1369;1367
1369;1371
1370;1369
1370;1371
1370;1368
1370;400
1371;1370
1371;1372
1371;1369
1371;1373
1372;1371
1372;1373
1372;1376
1373;1372
1373;1374
1373;1371
1373;1375
1374;1373
1374;1375
1374;1376
1375;1374
1375;1376
1375;1373
1375;1377
1375;1316
1376;1375
1376;1377
1376;1374
1376;1378
1376;1372
1377;1376
1377;1378
1377;1375
1377;1379
1378;1377
1378;1379
1378;1376
1378;1380
1379;1378
1379;1380
1379;1377
1379;124
1380;1379
1380;1381
1380;1378
1380;1382
1381;1380
1381;1382
1381;1383
1382;1381
1382;1383
1382;1380
1382;748
1383;1382
1383;1381
1383;1385
1383;1436
1384;1385
1384;916
1384;56
1384;1109
1385;1384
1385;1383
1385;1387
1385;1323
1386;1387
1386;1388
1387;1386
1387;1388
1387;1385
1387;1389
1388;1387
1388;1389
1388;1386
1388;1390
1389;1388
1389;1390
1389;1387
1389;1391
1390;1389
1390;1391
1390;1388
1390;1392
1390;658
1390;1254
1391;1390
1391;1392
1391;1389
1391;1393
1392;1391
1392;1390
1392;1394
1392;744
1393;1394
1393;1391
1393;1395
1394;1393
1394;1395
1394;1392
1394;1396
1395;1394
1395;1396
1395;1393
1395;1397
1396;1395
1396;1397
1396;1394
1396;1398
1396;221
1397;1396
1397;1395
1397;1399
1397;616
1398;1396
1398;1400
1398;1020
1398;555
1399;1400
1399;1397
1399;1401
1400;1399
1400;1401
1400;1398
1400;1402
1400;861
1401;1400
1401;1402
1401;1399
1401;1403
1402;1401
1402;1403
1402;1400
1402;1404
1402;1056
1403;1402
1403;1404
1403;1401
1403;1405
1404;1403
1404;1402
1404;1406
1404;618
1404;1131
1405;1406
1405;1403
1405;1407
1406;1405
1406;1407
1406;1404
1406;1408
1407;1406
1407;1405
1407;1409
1407;775
1408;1409
1408;1406
1408;1410
1409;1408
1409;1407
1409;1411
1409;505
1410;1411
1410;1408
1410;1412
1411;1410
1411;1412
1411;1409
1411;1413
1411;1092
1412;1411
1412;1413
1412;1410
1412;1414
1412;1281
1413;1412
1413;1414
1413;1411
1413;1415
1414;1413
1414;1415
1414;1412
1414;1416
1414;772
1415;1414
1415;1416
1415;1413
1415;1417
1416;1415
1416;1417
1416;1414
1416;1418
1417;1416
1417;1418
1417;1415
1417;1419
1418;1417
1418;1419
1418;1416
1418;904
1418;474
1419;1418
1419;1420
1419;1417
1419;1421
1420;1419
1420;1421
1420;1422
1421;1420
1421;1422
1421;1419
1421;1423
1422;1421
1422;1423
1422;1420
1422;1424
1423;1422
1423;1424
1423;1421
1423;1425
1424;1423
1424;1425
1424;1422
1424;1426
1425;1424
1425;1423
1425;1447
1425;665
1426;1427
1426;1424
1426;1428
1426;101
1427;1426
1427;1428
1427;1429
1427;7
1427;94
1428;1427
1428;1429
1428;1426
1428;1430
1429;1428
1429;1430
1429;1427
1429;820
1429;1316
1429;1104
1430;1429
1430;1431
1430;1428
1430;1432
1431;1430
1431;1432
1431;1433
1431;1072
1432;1431
1432;1433
1432;1430
1432;1434
1433;1432
1433;1431
1433;1435
1433;182
1434;1435
1434;1432
1434;1436
1435;1434
1435;1436
1435;1433
1435;1437
1436;1435
1436;1437
1436;1434
1436;1438
1436;1383
1437;1436
1437;1438
1437;1435
1437;1439
1438;1437
1438;1439
1438;1436
1438;1440
1439;1438
1439;1440
1439;1437
1439;1441
1440;1439
1440;1441
1440;1438
1440;231
1441;1440
1441;1442
1441;1439
1441;1443
1441;1294
1442;1441
1442;1443
1442;1444
1442;706
1443;1442
1443;1444
1443;1441
1443;41
1443;227
1444;1443
1444;1445
1444;1442
1444;1446
1445;1444
1445;1446
1445;258
1446;1445
1446;1447
1446;1444
1446;286
1446;26
1447;1446
1447;1448
1447;1449
1447;1425
1448;1447
1448;1450
1448;338
1449;1450
1449;1447
1449;1451
1449;550
1450;1449
1450;1451
1450;1448
1450;1452
1450;1480
1451;1450
1451;1452
1451;1449
1451;1453
1451;201
1451;1087
1451;1168
1451;1463
1452;1451
1452;1453
1452;1450
1452;1454
1452;541
1453;1452
1453;1451
1453;1455
1453;556
1454;1455
1454;1452
1454;918
1455;1454
1455;1456
1455;1453
1455;1457
1455;390
1456;1455
1456;1457
1456;1458
1457;1456
1457;1458
1457;1455
1457;1459
1458;1457
1458;1459
1458;1456
1458;1460
1459;1458
1459;1460
1459;1457
1459;1461
1460;1459
1460;1461
1460;1458
1460;1462
1461;1460
1461;1462
1461;1459
1461;1463
1462;1461
1462;1463
1462;1460
1462;1464
1463;1462
1463;1461
1463;1465
1463;1451
1463;380
1463;459
1464;1465
1464;1462
1464;695
1464;1235
1465;1464
1465;1466
1465;1463
1465;1467
1465;466
1466;1465
1466;1467
1466;1468
1467;1466
1467;1468
1467;1465
1467;1469
1468;1467
1468;1469
1468;1466
1468;1470
1469;1468
1469;1470
1469;1467
1469;431
1470;1469
1470;1468
1470;1472
1470;1486
1471;1472
1471;188
1472;1471
1472;1473
1472;1470
1472;501
1473;1472
1473;1474
1473;1475
1473;871
1474;1473
1474;1475
1474;1476
1474;674
1474;1219
1475;1474
1475;1473
1475;1477
1475;1014
1476;1477
1476;1474
1476;1478
1477;1476
1477;1478
1477;1475
1477;1479
1478;1477
1478;1476
1478;607
1478;961
1479;1480
1479;1477
1479;1481
1480;1479
1480;1481
1480;1450
1481;1480
1481;1482
1481;1479
1481;1483
1482;1481
1482;1483
1482;1484
1483;1482
1483;1484
1483;1481
1483;1485
1483;1043
1484;1483
1484;1485
1484;1482
1484;1486
1484;1226
1485;1484
1485;1486
1485;1483
1485;1487
1486;1485
1486;1487
1486;1484
1486;1488
1486;1470
1487;1486
1487;1488
1487;1485
1487;1045
1488;1487
1488;1486
1488;1490
1488;1007
1488;1341
1489;1490
1489;1491
1490;1489
1490;1491
1490;1488
1490;1492
1491;1490
1491;1492
1491;1489
1491;1493
1492;1491
1492;1493
1492;1490
1492;1343
1493;1492
1493;1494
1493;1491
1493;1495
1494;1493
1494;1495
1494;1496
1495;1494
1495;1496
1495;1493
1495;1497
1496;1495
1496;1497
1496;1494
1496;385
1496;1005
1496;756
1496;390
1497;1496
1497;1495
1497;1499
1497;1280
1498;1499
1498;430
1499;1498
1499;0
1499;1497
1499;1
