0	1
0	1999
0	2
1	0
1	2
1	3
1	1999
2	1
2	3
2	0
2	4
3	2
3	4
3	1
3	5
3	398
4	3
4	5
4	2
4	6
5	4
5	3
5	7
5	147
6	7
6	4
6	1553
7	6
7	8
7	5
7	9
8	7
8	9
8	1851
9	8
9	7
9	383
9	842
10	11
10	12
11	10
11	12
11	251
12	11
12	13
12	10
12	1681
13	12
13	14
13	15
13	1780
14	13
14	15
14	16
15	14
15	16
15	13
15	17
16	15
16	17
16	14
16	18
16	1205
17	16
17	18
17	15
17	1836
17	1505
18	17
18	19
18	16
18	20
18	815
19	18
19	20
19	21
20	19
20	18
20	1146
20	259
21	19
21	1578
21	568
21	516
22	24
22	1011
23	24
23	25
24	23
24	25
24	22
24	26
24	712
25	24
25	26
25	23
25	27
26	25
26	24
26	28
26	1594
26	820
27	25
27	58
27	1693
27	767
28	29
28	26
28	30
29	28
29	30
29	31
30	29
30	28
30	159
30	784
30	1210
31	29
31	33
31	875
31	1868
32	34
32	919
33	34
33	31
33	1922
34	33
34	35
34	32
34	36
35	34
35	37
35	600
35	758
36	37
36	34
36	1592
37	36
37	38
37	35
37	39
37	369
38	37
38	40
38	1942
38	1223
38	1937
39	40
39	37
39	41
40	39
40	41
40	38
40	42
40	639
41	40
41	42
41	39
41	43
42	41
42	43
42	40
42	44
43	42
43	44
43	41
43	1440
43	778
44	43
44	45
44	42
44	46
44	115
44	1071
44	282
45	44
45	47
45	1547
46	47
46	44
46	48
47	46
47	48
47	45
47	49
48	47
48	49
48	46
48	50
49	48
49	50
49	47
49	213
50	49
50	48
50	52
50	1271
51	52
51	53
52	51
52	53
52	50
52	54
53	52
53	54
53	51
53	1065
54	53
54	55
54	52
54	56
54	1170
55	54
55	56
55	57
55	1969
56	55
56	57
56	54
56	58
57	56
57	58
57	55
57	59
58	57
58	59
58	56
58	27
58	715
59	58
59	60
59	57
59	61
60	59
60	61
60	62
61	60
61	62
61	59
61	63
62	61
62	63
62	60
62	64
63	62
63	61
63	65
63	1458
64	65
64	62
64	66
64	411
65	64
65	66
65	63
65	865
66	65
66	67
66	64
66	68
67	66
67	68
67	69
68	67
68	69
68	66
68	70
68	1276
69	68
69	70
69	67
69	71
70	69
70	71
70	68
70	72
71	70
71	69
71	73
71	724
71	783
71	215
72	73
72	70
72	74
73	72
73	74
73	71
73	1039
74	73
74	75
74	72
74	76
74	343
75	74
75	76
75	77
76	75
76	77
76	74
76	78
76	474
76	391
77	76
77	78
77	75
77	79
78	77
78	79
78	76
78	80
79	78
79	80
79	77
79	81
80	79
80	81
80	78
80	82
81	80
81	82
81	79
81	1414
82	81
82	83
82	80
82	84
82	905
83	82
83	84
83	85
83	393
84	83
84	85
84	82
84	86
84	1089
85	84
85	86
85	83
85	87
85	219
86	85
86	87
86	84
86	88
87	86
87	88
87	85
87	89
87	1208
87	1371
88	87
88	89
88	86
88	90
89	88
89	90
89	87
89	91
90	89
90	91
90	88
90	1696
90	1174
91	90
91	89
91	1574
91	1387
92	93
92	94
93	92
93	94
93	95
93	733
93	1130
94	93
94	95
94	92
94	96
95	94
95	96
95	93
95	97
96	95
96	94
96	98
96	1280
96	513
97	98
97	95
97	99
97	1507
98	97
98	99
98	96
98	1147
99	98
99	100
99	97
99	101
100	99
100	101
100	102
101	100
101	102
101	99
101	103
102	101
102	103
102	100
102	104
103	102
103	104
103	101
103	105
104	103
104	105
104	102
104	106
105	104
105	106
105	103
105	107
105	545
105	1525
106	105
106	107
106	104
106	108
107	106
107	108
107	105
107	109
108	107
108	109
108	106
108	921
109	108
109	110
109	107
109	111
110	109
110	111
110	112
110	1523
111	110
111	112
111	109
111	113
112	111
112	113
112	110
112	114
113	112
113	114
113	111
113	1838
114	113
114	115
114	112
114	116
114	1203
115	114
115	117
115	44
116	117
116	114
116	118
117	116
117	118
117	115
117	119
118	117
118	116
118	120
118	1450
119	120
119	117
119	1854
119	185
120	119
120	121
120	118
120	122
120	750
121	120
121	122
121	1158
122	121
122	123
122	120
122	124
122	1947
123	122
123	125
123	430
124	125
124	122
124	126
124	352
125	124
125	123
125	127
125	1424
125	1405
126	127
126	124
126	128
126	824
127	126
127	128
127	125
127	129
128	127
128	129
128	126
128	130
129	128
129	130
129	127
129	1520
129	475
129	753
130	129
130	131
130	128
130	132
131	130
131	132
131	133
131	264
132	131
132	133
132	130
132	134
133	132
133	134
133	131
133	135
133	824
134	133
134	135
134	132
134	136
135	134
135	133
135	212
135	982
136	137
136	134
136	306
137	136
137	138
137	139
138	137
138	139
138	140
139	138
139	140
139	137
139	141
140	139
140	141
140	138
140	142
141	140
141	139
141	143
141	950
142	143
142	140
142	144
142	1745
142	1890
143	142
143	144
143	141
143	145
143	384
143	1389
144	143
144	145
144	142
144	146
145	144
145	146
145	143
145	147
146	145
146	144
146	148
146	1281
147	148
147	145
147	149
147	5
147	1457
148	147
148	146
148	150
148	838
149	150
149	147
149	151
150	149
150	151
150	148
150	152
151	150
151	152
151	149
151	153
152	151
152	150
152	154
152	813
153	154
153	151
153	155
154	153
154	155
154	152
154	156
155	154
155	156
155	153
155	157
156	155
156	157
156	154
156	929
156	1517
157	156
157	158
157	155
157	159
158	157
158	159
158	160
159	158
159	157
159	161
159	30
159	245
160	161
160	158
160	162
161	160
161	162
161	159
161	163
161	1328
162	161
162	160
162	164
162	906
163	164
163	161
163	165
164	163
164	165
164	162
164	166
164	1333
164	428
165	164
165	166
165	163
165	167
166	165
166	167
166	164
166	168
166	1845
166	1046
166	1526
167	166
167	168
167	165
167	169
168	167
168	169
168	166
168	170
168	770
169	168
169	167
169	171
169	1428
170	171
170	168
170	172
171	170
171	172
171	169
171	173
171	1200
172	171
172	173
172	170
172	174
173	172
173	171
173	175
173	472
174	175
174	172
174	176
175	174
175	176
175	173
175	177
175	584
176	175
176	174
176	178
176	1173
177	178
177	175
177	584
178	177
178	179
178	176
178	275
179	178
179	180
179	181
180	179
180	181
180	182
181	180
181	182
181	179
181	948
181	888
182	181
182	180
182	184
182	943
183	184
183	185
184	183
184	185
184	182
184	186
184	1374
185	184
185	183
185	1999
185	1797
185	119
186	184
186	188
186	1678
186	1889
187	189
187	1044
188	186
188	1890
188	1448
189	190
189	187
189	191
189	286
189	1601
190	189
190	191
190	192
190	1418
191	190
191	192
191	189
191	193
191	1497
192	191
192	193
192	190
192	194
193	192
193	191
193	195
193	1299
193	521
194	195
194	192
194	196
195	194
195	196
195	193
195	197
196	195
196	194
196	198
196	670
197	198
197	195
197	199
198	197
198	199
198	196
198	200
199	198
199	200
199	197
199	201
200	199
200	201
200	198
200	202
201	200
201	202
201	199
201	203
202	201
202	203
202	200
202	204
203	202
203	201
203	205
203	1183
204	205
204	202
204	206
205	204
205	203
205	207
205	768
206	204
206	208
206	1467
206	1721
207	208
207	205
207	209
208	207
208	209
208	206
208	1808
209	208
209	210
209	207
209	842
209	715
209	1462
210	209
210	212
210	620
211	212
211	213
212	211
212	210
212	214
212	135
212	651
212	1919
213	214
213	211
213	215
213	49
214	213
214	212
214	216
214	1853
215	216
215	213
215	71
215	1150
216	215
216	217
216	214
216	218
217	216
217	218
217	219
218	217
218	219
218	216
218	220
219	218
219	217
219	221
219	85
219	1293
220	221
220	218
220	222
221	220
221	222
221	219
221	223
222	221
222	220
222	224
222	699
223	221
223	225
223	1929
224	225
224	222
224	226
225	224
225	226
225	223
225	227
226	225
226	227
226	224
226	228
227	226
227	225
227	229
227	1151
227	1240
228	229
228	226
228	230
229	228
229	230
229	227
229	231
230	229
230	231
230	228
230	232
230	425
231	230
231	232
231	229
231	233
231	485
232	231
232	230
232	485
232	599
233	234
233	231
233	235
234	233
234	235
234	236
235	234
235	236
235	233
235	237
236	235
236	234
236	238
236	1092
237	238
237	235
237	906
237	301
238	237
238	239
238	236
238	240
238	344
238	1464
239	238
239	240
239	241
239	1466
240	239
240	241
240	238
240	242
240	809
241	240
241	242
241	239
241	1244
242	241
242	243
242	240
242	244
242	414
243	242
243	244
243	245
244	243
244	245
244	242
244	246
244	1676
245	244
245	246
245	243
245	247
245	159
246	245
246	247
246	244
246	248
247	246
247	248
247	245
247	249
248	247
248	249
248	246
248	390
249	248
249	250
249	247
249	251
250	249
250	251
250	252
251	250
251	252
251	249
251	346
251	1124
251	11
251	765
251	863
252	251
252	253
252	250
252	319
253	252
253	254
253	255
254	253
254	255
254	256
254	768
255	254
255	256
255	253
255	257
255	328
256	255
256	257
256	254
256	258
256	1128
257	256
257	258
257	255
257	1915
258	257
258	259
258	256
258	260
258	1269
259	258
259	260
259	261
259	20
260	259
260	261
260	258
260	262
261	260
261	262
261	259
261	263
262	261
262	263
262	260
262	264
262	1313
263	262
263	261
263	265
263	811
263	1017
264	262
264	266
264	131
264	550
264	946
265	266
265	263
265	267
266	265
266	267
266	264
266	268
267	266
267	268
267	265
267	482
268	267
268	269
268	266
268	270
268	375
269	268
269	270
269	684
270	269
270	271
270	268
270	272
270	579
271	270
271	272
271	273
272	271
272	273
272	270
272	274
273	272
273	274
273	271
273	275
274	273
274	275
274	272
274	276
275	274
275	276
275	273
275	277
275	284
275	178
275	1230
276	275
276	274
276	278
276	650
277	275
277	279
277	720
277	1577
278	279
278	276
278	280
278	879
279	278
279	280
279	277
279	281
280	279
280	281
280	278
280	282
281	280
281	279
281	283
281	346
282	283
282	280
282	44
283	282
283	284
283	281
283	285
284	283
284	286
284	275
285	286
285	283
285	659
285	521
286	285
286	284
286	288
286	189
286	741
287	288
287	289
287	1004
288	287
288	286
288	290
288	621
289	290
289	287
289	1102
290	289
290	291
290	288
290	292
291	290
291	293
291	1905
292	293
292	290
292	294
292	1031
293	292
293	294
293	291
293	295
293	490
294	293
294	292
294	296
294	405
295	296
295	293
295	297
296	295
296	297
296	294
296	564
297	296
297	298
297	295
297	299
298	297
298	299
298	300
299	298
299	300
299	297
299	301
300	299
300	301
300	298
300	302
300	614
300	889
301	300
301	299
301	715
301	237
302	303
302	300
302	304
303	302
303	304
303	358
304	303
304	305
304	302
304	306
305	304
305	306
305	1652
306	305
306	307
306	304
306	308
306	136
307	306
307	308
307	309
308	307
308	309
308	306
308	310
308	1530
309	308
309	310
309	307
309	311
309	1115
310	309
310	311
310	308
310	312
311	310
311	312
311	309
311	313
311	1318
312	311
312	313
312	310
312	314
313	312
313	314
313	311
313	315
313	1108
314	313
314	315
314	312
314	316
314	1109
314	1902
315	314
315	316
315	313
315	317
316	315
316	317
316	314
316	1294
317	316
317	318
317	315
317	1520
318	317
318	319
318	320
318	1332
319	318
319	320
319	321
319	252
320	319
320	318
320	322
320	534
320	508
321	322
321	319
321	323
322	321
322	323
322	320
322	324
323	322
323	324
323	321
323	325
323	413
324	323
324	325
324	322
324	326
324	1012
325	324
325	323
325	327
325	679
326	327
326	324
326	615
327	326
327	325
327	329
327	1374
327	1545
328	329
328	255
329	328
329	330
329	327
329	331
330	329
330	331
330	1288
331	330
331	332
331	329
331	333
332	331
332	333
332	334
333	332
333	334
333	331
333	335
334	333
334	332
334	1059
334	1144
334	486
335	336
335	333
335	1400
336	335
336	337
336	338
337	336
337	338
337	339
337	1104
337	1071
338	337
338	339
338	336
338	340
339	338
339	337
339	341
339	1391
340	341
340	338
340	342
341	340
341	342
341	339
341	343
342	341
342	343
342	340
342	700
342	1196
343	342
343	341
343	345
343	74
344	346
344	238
344	354
345	346
345	343
345	677
346	345
346	344
346	348
346	281
346	251
347	348
347	349
348	347
348	349
348	346
348	350
348	1661
348	1410
349	348
349	350
349	347
349	351
350	349
350	348
350	352
350	1321
351	352
351	349
351	353
352	351
352	350
352	124
352	1719
352	1735
352	903
353	354
353	351
353	355
353	1981
354	353
354	356
354	344
355	356
355	353
355	957
356	355
356	354
356	358
356	555
357	1087
357	808
357	1129
358	359
358	356
358	360
358	303
359	358
359	360
359	361
360	359
360	361
360	358
360	467
361	360
361	362
361	359
361	363
362	361
362	363
362	364
363	362
363	364
363	361
363	1512
364	363
364	365
364	362
364	366
365	364
365	366
365	367
366	365
366	367
366	364
366	368
367	366
367	368
367	365
367	666
368	367
368	366
368	370
368	470
368	1663
369	371
369	37
369	672
370	371
370	368
370	372
370	1425
371	370
371	372
371	369
371	373
372	371
372	373
372	370
372	374
373	372
373	374
373	371
373	1585
373	648
374	373
374	375
374	372
374	376
374	1984
375	374
375	376
375	268
376	375
376	377
376	374
376	548
377	376
377	378
377	1837
378	377
378	379
378	380
378	947
379	378
379	380
379	381
380	379
380	381
380	378
380	382
381	380
381	382
381	379
381	933
382	381
382	383
382	380
382	384
383	382
383	9
383	1927
383	1925
384	385
384	382
384	1751
384	143
385	384
385	386
385	387
386	385
386	387
386	388
387	386
387	388
387	385
387	1938
387	1347
388	387
388	389
388	386
388	771
389	388
389	390
389	391
390	389
390	391
390	392
390	248
391	390
391	392
391	389
391	76
392	391
392	393
392	390
392	1467
393	392
393	395
393	83
394	395
394	396
395	394
395	396
395	393
395	397
396	395
396	397
396	394
396	398
396	1207
397	396
397	395
397	399
397	1613
397	434
398	396
398	494
398	3
399	397
399	401
399	549
400	402
400	1339
401	402
401	399
401	403
402	401
402	403
402	400
402	404
403	402
403	404
403	401
403	405
404	403
404	405
404	402
404	832
404	1441
404	446
405	404
405	403
405	407
405	294
405	603
406	408
406	601
406	1736
406	539
407	408
407	405
407	409
407	438
408	407
408	409
408	406
408	410
409	408
409	407
409	411
409	1026
410	408
410	951
410	707
411	409
411	413
411	64
411	564
412	413
412	414
413	412
413	411
413	323
413	1335
414	412
414	242
414	1911
415	416
415	417
416	415
416	417
416	418
417	416
417	415
417	419
417	621
418	419
418	416
418	1931
418	1042
419	418
419	420
419	417
419	421
419	1417
419	1973
420	419
420	421
420	422
420	1379
421	420
421	422
421	419
421	423
421	1112
422	421
422	423
422	420
422	424
423	422
423	424
423	421
423	425
424	423
424	425
424	422
424	1174
425	424
425	423
425	427
425	230
425	498
426	427
426	428
427	426
427	428
427	425
427	429
428	427
428	426
428	1861
428	164
429	430
429	427
429	1539
430	429
430	431
430	432
430	123
431	430
431	432
431	433
432	431
432	433
432	430
432	434
433	432
433	434
433	431
433	435
434	433
434	432
434	436
434	397
435	436
435	433
435	437
435	489
436	435
436	437
436	434
436	438
437	436
437	438
437	435
437	1753
437	637
438	437
438	439
438	436
438	407
438	884
439	438
439	440
439	441
439	785
440	439
440	442
440	883
441	439
441	443
441	1963
442	443
442	440
442	444
442	1219
443	442
443	444
443	441
443	445
444	443
444	445
444	442
444	446
444	1008
444	1511
445	444
445	446
445	443
445	447
446	445
446	447
446	444
446	448
446	404
447	446
447	448
447	445
447	912
448	447
448	449
448	446
448	450
449	448
449	450
449	451
449	1045
449	1599
450	449
450	451
450	448
450	669
451	450
451	452
451	449
451	453
452	451
452	453
452	454
453	452
453	451
453	455
453	1532
454	455
454	452
454	1729
454	1825
455	454
455	456
455	453
455	457
456	455
456	457
456	458
457	456
457	458
457	455
457	459
457	1492
458	457
458	459
458	456
458	460
459	458
459	460
459	457
459	461
460	459
460	461
460	458
460	462
461	460
461	462
461	459
461	463
462	461
462	463
462	460
462	464
463	462
463	464
463	461
463	465
464	463
464	465
464	462
464	466
465	464
465	466
465	463
465	467
466	465
466	467
466	464
466	468
467	466
467	468
467	465
467	469
467	360
468	467
468	469
468	466
468	470
469	468
469	470
469	467
469	471
469	1456
469	1494
470	469
470	471
470	468
470	472
470	368
470	959
470	1546
471	470
471	472
471	469
471	473
472	471
472	470
472	474
472	173
472	1693
472	910
473	474
473	471
473	874
474	473
474	472
474	476
474	76
475	476
475	129
476	475
476	477
476	474
476	1061
476	839
477	476
477	478
477	479
478	477
478	479
478	480
479	478
479	480
479	477
479	1835
479	1810
480	479
480	481
480	478
480	482
481	480
481	482
481	483
482	481
482	483
482	480
482	484
482	267
482	818
483	482
483	484
483	481
483	485
484	483
484	482
484	486
484	1478
484	1876
485	483
485	487
485	232
485	231
486	487
486	484
486	334
487	486
487	488
487	485
487	489
487	1567
488	487
488	489
488	490
489	488
489	487
489	491
489	435
490	488
490	492
490	293
490	774
491	492
491	489
491	1316
492	491
492	493
492	490
492	494
493	492
493	494
493	495
494	493
494	495
494	492
494	496
494	398
495	494
495	496
495	493
495	497
495	1274
496	495
496	497
496	494
496	498
496	1480
497	496
497	498
497	495
497	499
498	497
498	496
498	500
498	425
499	497
499	501
499	1203
500	501
500	498
500	771
500	926
501	500
501	502
501	499
501	503
502	501
502	504
502	515
502	1413
503	504
503	501
503	505
503	1058
504	503
504	505
504	502
504	506
504	1415
505	504
505	506
505	503
505	507
506	505
506	507
506	504
506	508
507	506
507	508
507	505
507	654
508	507
508	506
508	510
508	320
509	510
509	511
510	509
510	508
510	512
510	679
510	784
511	512
511	509
511	588
511	550
511	854
511	1384
512	511
512	513
512	510
512	514
513	512
513	515
513	96
513	1373
514	515
514	512
514	516
514	1650
515	514
515	513
515	517
515	502
515	1033
516	517
516	514
516	21
517	516
517	518
517	515
517	621
517	965
518	517
518	519
518	520
519	518
519	520
519	521
520	519
520	521
520	518
520	522
521	520
521	522
521	519
521	285
521	193
522	521
522	523
522	520
522	524
522	924
523	522
523	524
523	525
524	523
524	525
524	522
524	526
524	835
525	524
525	526
525	523
525	527
526	525
526	527
526	524
526	528
526	580
527	526
527	528
527	525
527	529
528	527
528	529
528	526
528	530
529	528
529	530
529	527
529	531
530	529
530	531
530	528
530	532
531	530
531	532
531	529
531	533
532	531
532	533
532	530
532	534
533	532
533	534
533	531
533	1896
533	1479
534	533
534	535
534	532
534	536
534	320
534	1436
535	534
535	537
535	1938
536	537
536	534
536	1723
536	1393
537	536
537	538
537	535
537	539
538	537
538	1743
538	754
539	540
539	537
539	406
540	539
540	541
540	542
541	540
541	542
541	543
541	548
542	541
542	543
542	540
542	544
543	542
543	544
543	541
543	545
544	543
544	545
544	542
544	546
545	544
545	543
545	547
545	105
546	547
546	544
546	548
547	546
547	548
547	545
547	549
548	547
548	546
548	550
548	541
548	376
549	550
549	547
549	551
549	399
549	618
550	549
550	551
550	548
550	511
550	264
551	550
551	552
551	549
551	553
552	551
552	553
552	554
553	552
553	554
553	551
553	555
553	1105
554	553
554	555
554	552
554	1788
555	554
555	556
555	553
555	557
555	356
555	1840
556	555
556	557
556	558
557	556
557	558
557	555
557	1111
558	557
558	559
558	556
558	560
558	1341
559	558
559	560
559	561
560	559
560	561
560	558
560	960
560	1496
561	560
561	562
561	559
561	563
562	561
562	563
562	564
563	562
563	564
563	561
563	565
563	1861
563	1786
564	563
564	562
564	1166
564	296
564	411
565	566
565	563
565	567
565	635
566	565
566	567
566	568
567	566
567	568
567	565
567	569
567	913
567	1082
568	567
568	569
568	566
568	1322
568	21
568	943
569	568
569	570
569	567
569	571
570	569
570	572
570	692
571	569
571	573
571	756
571	1930
572	573
572	570
572	574
573	572
573	571
573	575
573	1822
573	1066
574	575
574	572
574	576
575	574
575	576
575	573
575	577
576	575
576	577
576	574
576	578
576	1280
577	576
577	578
577	575
577	579
578	577
578	579
578	576
578	580
579	578
579	580
579	577
579	1524
579	270
580	579
580	578
580	582
580	526
580	1376
581	582
581	583
582	581
582	583
582	580
582	1185
583	582
583	584
583	581
583	585
584	583
584	586
584	175
584	177
584	1400
585	586
585	583
585	587
585	595
586	585
586	587
586	584
586	588
587	586
587	585
587	589
587	1284
588	586
588	590
588	511
588	1228
589	590
589	587
589	1435
590	589
590	591
590	588
590	592
591	590
591	593
591	946
592	593
592	590
592	594
593	592
593	594
593	591
593	595
594	593
594	595
594	592
594	596
595	594
595	593
595	597
595	585
596	597
596	594
596	598
597	596
597	598
597	595
597	599
598	597
598	596
598	600
598	1101
599	600
599	597
599	601
599	232
600	599
600	598
600	602
600	35
600	1342
601	602
601	599
601	603
601	406
601	1244
602	601
602	603
602	600
602	604
603	602
603	604
603	601
603	605
603	405
604	603
604	605
604	602
604	606
604	901
605	604
605	606
605	603
605	607
606	605
606	607
606	604
606	608
606	1968
607	606
607	605
607	1542
607	1566
608	609
608	606
608	610
609	608
609	610
609	611
610	609
610	611
610	608
610	612
611	610
611	612
611	609
611	613
612	611
612	613
612	610
612	614
613	612
613	614
613	611
613	615
614	613
614	612
614	616
614	300
615	616
615	613
615	326
615	929
616	615
616	617
616	614
616	618
617	616
617	619
617	1693
618	616
618	620
618	549
619	620
619	617
619	1409
620	619
620	621
620	618
620	622
620	210
621	620
621	622
621	623
621	288
621	417
621	517
622	621
622	620
622	1344
622	1118
622	1702
623	624
623	621
623	625
623	1242
624	623
624	625
624	626
625	624
625	626
625	623
625	627
626	625
626	624
626	628
626	1053
627	628
627	625
627	1306
627	725
628	627
628	626
628	630
628	1700
628	1615
628	901
628	1200
629	630
629	720
630	629
630	631
630	628
630	1435
631	630
631	632
631	1845
632	631
632	633
632	634
633	632
633	635
633	762
634	635
634	632
634	636
635	634
635	633
635	637
635	565
636	634
636	638
636	643
636	1296
637	638
637	635
637	437
637	926
638	637
638	639
638	636
638	640
638	651
639	638
639	641
639	40
640	641
640	638
640	642
641	640
641	642
641	639
641	643
642	641
642	643
642	640
642	644
643	642
643	644
643	641
643	645
643	636
644	643
644	645
644	642
644	953
645	644
645	646
645	643
645	647
646	645
646	648
646	930
646	1533
647	645
647	649
647	1067
648	649
648	646
648	650
648	373
649	648
649	650
649	647
649	991
650	649
650	651
650	648
650	652
650	276
651	650
651	653
651	212
651	638
652	653
652	650
652	654
652	1779
653	652
653	654
653	651
653	655
654	653
654	655
654	652
654	507
654	1347
655	654
655	656
655	653
655	657
656	655
656	657
656	658
656	1536
657	656
657	658
657	655
657	659
658	657
658	659
658	656
658	660
659	658
659	657
659	661
659	285
659	1324
659	1737
659	1398
660	661
660	658
660	662
661	660
661	662
661	659
661	663
662	661
662	663
662	660
662	664
662	1271
663	662
663	664
663	661
663	665
664	663
664	665
664	662
664	1269
664	678
665	664
665	666
665	663
665	667
665	1336
666	665
666	667
666	668
666	367
667	666
667	668
667	665
667	669
668	667
668	669
668	666
668	670
669	668
669	667
669	671
669	1490
669	450
669	1647
670	671
670	668
670	672
670	196
671	670
671	672
671	669
671	1916
672	671
672	670
672	674
672	369
673	674
673	675
674	673
674	672
674	676
674	732
675	676
675	673
675	677
676	675
676	674
676	678
676	1869
676	723
677	675
677	679
677	738
677	345
678	679
678	676
678	664
679	678
679	680
679	677
679	681
679	325
679	510
679	911
680	679
680	681
680	682
680	1355
681	680
681	682
681	679
681	683
682	681
682	683
682	680
682	777
683	682
683	684
683	681
683	685
684	683
684	686
684	1039
684	269
685	686
685	683
685	687
686	685
686	687
686	684
686	688
687	686
687	688
687	685
687	689
687	872
688	687
688	689
688	686
688	690
689	688
689	690
689	687
689	691
690	689
690	691
690	688
690	692
691	690
691	692
691	689
691	693
692	691
692	693
692	690
692	694
692	570
693	692
693	694
693	691
693	1666
694	693
694	695
694	692
694	696
695	694
695	696
695	697
696	695
696	697
696	694
696	698
697	696
697	698
697	695
697	699
698	697
698	696
698	1320
698	1629
698	1385
699	697
699	701
699	222
699	1093
699	1110
700	702
700	342
701	702
701	699
701	703
702	701
702	700
702	704
702	1428
703	701
703	705
703	735
704	705
704	702
704	1123
704	912
705	704
705	706
705	703
705	1388
706	705
706	707
706	708
707	706
707	708
707	709
707	410
708	707
708	709
708	706
708	710
708	1093
709	708
709	710
709	707
709	711
710	709
710	711
710	708
710	1805
711	710
711	712
711	709
711	713
712	711
712	714
712	24
712	1903
713	714
713	711
713	715
714	713
714	712
714	716
714	1314
715	716
715	713
715	717
715	301
715	58
715	209
716	715
716	717
716	714
716	718
716	1629
717	716
717	718
717	715
717	719
717	1068
718	717
718	719
718	716
718	720
718	1741
719	718
719	720
719	717
719	721
720	719
720	721
720	718
720	722
720	277
720	629
721	720
721	722
721	719
721	723
721	1271
722	721
722	723
722	720
722	724
723	722
723	721
723	676
723	1255
724	725
724	722
724	726
724	71
725	724
725	726
725	627
726	725
726	727
726	724
726	1033
726	1883
727	726
727	728
727	729
728	727
728	730
728	1190
729	730
729	727
729	731
730	729
730	731
730	728
730	1637
731	730
731	732
731	729
731	733
732	731
732	733
732	734
732	674
733	732
733	731
733	735
733	93
733	1665
734	735
734	732
734	736
735	734
735	736
735	733
735	737
735	703
736	735
736	737
736	734
736	738
737	736
737	735
737	739
737	1582
738	739
738	736
738	740
738	677
739	738
739	740
739	737
739	741
740	739
740	741
740	738
740	742
740	831
741	740
741	739
741	743
741	286
742	743
742	740
742	744
742	1743
743	742
743	744
743	741
743	745
743	746
744	743
744	745
744	742
744	746
744	1695
745	744
745	746
745	743
745	747
746	745
746	747
746	744
746	743
747	746
747	745
747	749
747	1500
748	749
748	750
749	748
749	750
749	747
749	751
749	1588
750	749
750	751
750	748
750	120
751	750
751	752
751	749
751	753
752	751
752	753
752	754
753	752
753	754
753	751
753	129
754	753
754	755
754	752
754	756
754	538
755	754
755	756
755	757
755	1584
756	755
756	757
756	754
756	758
756	571
757	756
757	758
757	755
757	759
758	757
758	759
758	756
758	1576
758	35
759	758
759	760
759	757
759	761
760	759
760	761
760	762
761	760
761	759
761	1907
761	1149
762	763
762	760
762	764
762	633
763	762
763	764
763	765
764	763
764	765
764	762
764	766
765	764
765	766
765	763
765	767
765	251
766	765
766	767
766	764
766	768
767	766
767	768
767	765
767	27
768	767
768	766
768	770
768	205
768	254
769	770
769	771
769	1010
769	1337
770	769
770	771
770	768
770	168
771	770
771	769
771	773
771	500
771	388
772	773
772	774
772	1173
773	772
773	774
773	771
773	775
774	773
774	772
774	776
774	490
774	1091
775	776
775	773
775	977
776	775
776	777
776	774
776	778
777	776
777	1449
777	682
777	1737
778	779
778	776
778	780
778	1995
778	43
779	778
779	780
779	781
780	779
780	781
780	778
780	782
781	780
781	782
781	779
781	783
782	781
782	780
782	784
782	791
783	781
783	785
783	71
783	1950
784	785
784	782
784	30
784	510
785	784
785	786
785	783
785	439
786	785
786	787
786	788
786	1708
787	786
787	788
787	789
788	787
788	789
788	786
788	790
789	788
789	790
789	787
789	791
790	789
790	791
790	788
790	792
790	1454
791	790
791	792
791	789
791	793
791	782
791	1774
791	1127
792	791
792	793
792	790
792	794
792	933
793	792
793	791
793	795
793	1040
794	795
794	792
794	796
795	794
795	796
795	793
795	797
796	795
796	797
796	794
796	798
797	796
797	798
797	795
797	799
797	1122
798	797
798	799
798	796
798	800
799	798
799	800
799	797
799	801
800	799
800	801
800	798
800	802
801	800
801	799
801	803
801	941
801	1678
802	803
802	800
802	804
802	1853
803	802
803	804
803	801
803	805
804	803
804	805
804	802
804	806
805	804
805	803
805	807
805	1520
806	807
806	804
806	808
807	806
807	805
807	809
807	1061
807	1318
808	806
808	357
808	1793
809	807
809	811
809	240
810	811
810	812
811	810
811	812
811	809
811	813
811	263
812	811
812	813
812	810
812	814
813	812
813	814
813	811
813	815
813	152
814	813
814	815
814	812
814	816
815	814
815	816
815	813
815	18
816	815
816	817
816	814
816	818
816	1406
817	816
817	818
817	819
818	817
818	819
818	816
818	482
819	818
819	820
819	817
819	821
820	819
820	821
820	26
821	820
821	822
821	819
821	823
822	821
822	823
822	1254
823	822
823	824
823	821
823	825
824	823
824	126
824	1444
824	133
825	826
825	823
825	827
826	825
826	827
826	828
827	826
827	828
827	825
827	829
828	827
828	829
828	826
828	830
828	1380
829	828
829	830
829	827
829	831
830	829
830	831
830	828
830	832
830	1439
831	830
831	829
831	740
831	1170
832	830
832	834
832	404
832	1980
833	835
833	1592
833	1569
833	1871
834	835
834	832
834	836
835	834
835	836
835	833
835	524
836	835
836	837
836	834
836	1292
836	881
837	836
837	838
837	1438
837	1945
838	837
838	839
838	840
838	148
839	838
839	841
839	1255
839	476
840	838
840	842
840	1152
841	839
841	843
841	1374
842	840
842	209
842	9
842	1185
843	841
843	981
843	1356
843	1052
844	845
844	846
845	844
845	846
845	847
846	845
846	847
846	844
846	848
847	846
847	848
847	845
847	849
848	847
848	849
848	846
848	1455
849	848
849	850
849	847
849	851
850	849
850	851
850	852
851	850
851	852
851	849
851	853
852	851
852	853
852	850
852	854
853	852
853	854
853	851
853	855
854	853
854	855
854	852
854	511
855	854
855	853
855	970
855	1875
856	857
856	858
857	856
857	858
857	1536
858	857
858	856
858	860
858	1392
859	860
859	861
859	1982
860	859
860	861
860	858
860	862
860	1306
861	860
861	862
861	859
861	863
861	1256
862	861
862	860
862	864
862	1288
863	861
863	1897
863	1420
863	251
864	865
864	862
864	866
865	864
865	866
865	867
865	65
866	865
866	867
866	864
866	868
867	866
867	868
867	865
867	869
867	1025
867	1343
868	867
868	869
868	866
868	1643
868	1194
868	1936
869	868
869	870
869	867
869	871
870	869
870	871
870	872
871	870
871	872
871	869
871	873
871	1448
872	871
872	873
872	870
872	687
873	872
873	874
873	871
873	875
874	873
874	875
874	876
874	473
875	874
875	876
875	873
875	877
875	31
876	875
876	877
876	874
876	878
877	876
877	875
877	879
877	1448
878	879
878	876
878	1805
879	878
879	877
879	881
879	278
880	1464
880	1284
880	1607
881	882
881	879
881	836
882	881
882	883
882	884
883	882
883	884
883	885
883	440
884	883
884	885
884	882
884	438
885	884
885	886
885	883
885	887
886	885
886	887
886	888
886	1934
887	886
887	888
887	885
887	889
888	887
888	889
888	886
888	181
889	888
889	890
889	887
889	300
890	889
890	892
890	984
891	892
891	893
891	1138
892	891
892	893
892	890
892	894
892	1316
893	892
893	894
893	891
893	1304
894	893
894	892
894	1105
894	1672
895	896
895	897
896	895
896	898
896	1352
896	1542
896	1478
897	898
897	895
897	899
898	897
898	899
898	896
898	1691
899	898
899	900
899	897
899	901
900	899
900	901
900	902
901	900
901	899
901	604
901	628
902	903
902	900
902	904
903	902
903	904
903	905
903	352
904	903
904	905
904	902
904	1576
905	904
905	906
905	903
905	82
906	905
906	907
906	162
906	237
906	1965
907	906
907	908
907	909
907	1172
907	1063
908	907
908	909
908	910
909	908
909	910
909	907
909	911
910	909
910	908
910	912
910	472
911	909
911	679
911	921
912	913
912	910
912	447
912	704
913	912
913	915
913	567
914	915
914	916
915	914
915	916
915	913
915	917
916	915
916	917
916	914
916	918
917	916
917	918
917	915
917	919
918	917
918	919
918	916
918	920
919	918
919	920
919	917
919	921
919	32
920	919
920	921
920	918
920	1338
921	920
921	922
921	919
921	923
921	108
921	911
922	921
922	923
922	924
923	922
923	921
923	925
923	1298
924	922
924	926
924	522
925	926
925	923
925	927
925	1757
926	925
926	927
926	924
926	928
926	500
926	637
927	926
927	928
927	925
927	929
928	927
928	929
928	926
928	930
929	928
929	930
929	927
929	931
929	156
929	615
930	929
930	931
930	928
930	646
930	1435
931	930
931	932
931	929
931	1294
932	931
932	933
932	934
933	932
933	935
933	792
933	381
934	932
934	936
934	1487
935	936
935	933
935	937
936	935
936	937
936	934
936	938
937	936
937	938
937	935
937	939
937	1143
938	937
938	939
938	936
938	940
938	1236
939	938
939	940
939	937
939	941
940	939
940	941
940	938
940	942
940	1192
941	940
941	942
941	939
941	801
941	1878
941	1946
942	941
942	943
942	940
942	944
943	942
943	944
943	945
943	182
943	568
944	943
944	942
944	946
944	1787
945	946
945	943
945	1955
946	945
946	947
946	944
946	591
946	1989
946	264
947	946
947	948
947	378
948	947
948	949
948	181
948	1110
949	948
949	950
949	1104
950	949
950	951
950	952
950	141
951	950
951	953
951	410
951	1248
951	1851
952	953
952	950
952	954
953	952
953	951
953	955
953	960
953	1289
953	1717
953	644
954	955
954	952
954	956
955	954
955	956
955	953
955	957
956	955
956	957
956	954
956	958
957	956
957	958
957	955
957	959
957	355
958	957
958	959
958	956
958	960
959	958
959	960
959	957
959	470
960	959
960	961
960	958
960	962
960	953
960	560
961	960
961	962
961	963
962	961
962	963
962	960
962	964
962	1613
963	962
963	964
963	961
963	965
964	963
964	965
964	962
964	966
965	964
965	966
965	963
965	517
965	1273
966	965
966	967
966	964
966	1636
967	966
967	968
967	969
968	967
968	969
968	970
968	1656
969	968
969	970
969	967
969	971
969	1702
970	969
970	971
970	968
970	972
970	855
971	970
971	972
971	969
971	973
971	1774
972	971
972	973
972	970
972	974
972	1601
972	1727
973	972
973	974
973	971
973	975
974	973
974	975
974	972
974	976
975	974
975	976
975	973
975	977
976	975
976	977
976	974
976	978
977	976
977	978
977	975
977	979
977	1485
977	775
978	977
978	979
978	976
978	980
979	978
979	977
979	981
979	1064
980	981
980	978
980	982
981	980
981	982
981	979
981	843
981	1021
982	981
982	983
982	980
982	135
982	1401
983	982
983	984
983	985
984	983
984	985
984	986
984	890
985	984
985	986
985	983
985	1741
986	985
986	987
986	984
986	988
987	986
987	988
987	989
988	987
988	989
988	986
988	990
988	1862
989	988
989	987
989	991
989	1606
990	991
990	988
990	992
991	990
991	992
991	989
991	993
991	649
992	991
992	993
992	990
992	994
993	992
993	994
993	991
993	1258
994	993
994	995
994	992
994	996
995	994
995	996
995	997
996	995
996	997
996	994
996	998
997	996
997	998
997	995
997	999
998	997
998	999
998	996
998	1000
999	998
999	1000
999	997
999	1001
1000	999
1000	1001
1000	998
1000	1002
1001	1000
1001	1002
1001	999
1001	1003
1002	1001
1002	1003
1002	1000
1002	1004
1002	1486
1002	1979
1003	1002
1003	1004
1003	1001
1003	1005
1004	1003
1004	1002
1004	1006
1004	287
1005	1006
1005	1003
1005	1007
1006	1005
1006	1007
1006	1004
1006	1008
1007	1006
1007	1008
1007	1005
1007	1009
1008	1007
1008	1006
1008	444
1008	1884
1009	1010
1009	1007
1009	1011
1010	1009
1010	1011
1010	769
1011	1010
1011	1012
1011	1009
1011	1013
1011	22
1011	1215
1012	1011
1012	1014
1012	324
1013	1014
1013	1011
1013	1015
1014	1013
1014	1012
1014	1016
1014	1795
1015	1016
1015	1013
1015	1803
1015	1050
1016	1015
1016	1017
1016	1014
1016	1018
1017	1016
1017	1019
1017	263
1018	1019
1018	1016
1018	1020
1019	1018
1019	1020
1019	1017
1019	1021
1019	1368
1020	1019
1020	1021
1020	1018
1020	1022
1020	1294
1021	1020
1021	1022
1021	1019
1021	1023
1021	981
1022	1021
1022	1023
1022	1020
1022	1805
1023	1022
1023	1024
1023	1021
1023	1025
1023	1094
1024	1023
1024	1025
1024	1026
1025	1024
1025	1023
1025	1027
1025	867
1026	1024
1026	1028
1026	409
1026	1457
1027	1028
1027	1025
1027	1029
1028	1027
1028	1029
1028	1026
1028	1030
1029	1028
1029	1030
1029	1027
1029	1031
1030	1029
1030	1031
1030	1028
1030	1032
1031	1030
1031	1029
1031	1033
1031	292
1032	1033
1032	1030
1032	1034
1033	1032
1033	1034
1033	1031
1033	1035
1033	515
1033	726
1034	1033
1034	1032
1034	1612
1034	1531
1035	1036
1035	1033
1035	1037
1035	1867
1036	1035
1036	1038
1036	1558
1037	1035
1037	1039
1037	1535
1038	1039
1038	1036
1038	1040
1038	1188
1038	1569
1039	1038
1039	1037
1039	684
1039	1055
1039	73
1039	1159
1040	1041
1040	1038
1040	793
1040	1207
1041	1040
1041	1042
1041	1043
1042	1041
1042	1043
1042	1044
1042	418
1043	1042
1043	1044
1043	1041
1043	1045
1044	1043
1044	1042
1044	1046
1044	187
1044	1971
1045	1043
1045	1047
1045	449
1046	1047
1046	1044
1046	166
1047	1046
1047	1048
1047	1045
1047	1049
1048	1047
1048	1049
1048	1050
1049	1048
1049	1050
1049	1047
1049	1051
1049	1190
1050	1049
1050	1051
1050	1048
1050	1052
1050	1015
1051	1050
1051	1052
1051	1049
1051	1053
1052	1051
1052	1050
1052	1957
1052	843
1053	1054
1053	1051
1053	626
1053	1396
1054	1053
1054	1055
1054	1056
1055	1054
1055	1056
1055	1057
1055	1039
1056	1055
1056	1057
1056	1054
1056	1058
1057	1056
1057	1058
1057	1055
1057	1059
1058	1057
1058	1059
1058	1056
1058	503
1059	1058
1059	1060
1059	1057
1059	1061
1059	334
1060	1059
1060	1061
1060	1062
1061	1060
1061	1059
1061	1063
1061	807
1061	476
1062	1063
1062	1060
1062	1064
1063	1062
1063	1064
1063	1061
1063	907
1064	1063
1064	1065
1064	1062
1064	1066
1064	979
1065	1064
1065	1066
1065	1067
1065	53
1066	1065
1066	1067
1066	1064
1066	573
1067	1066
1067	1068
1067	1065
1067	1069
1067	647
1068	1067
1068	1070
1068	717
1069	1070
1069	1067
1069	1071
1070	1069
1070	1071
1070	1068
1070	1072
1071	1070
1071	1069
1071	44
1071	337
1072	1073
1072	1070
1072	1689
1073	1072
1073	1074
1073	1075
1074	1073
1074	1075
1074	1076
1075	1074
1075	1076
1075	1073
1075	1077
1075	1733
1076	1075
1076	1077
1076	1074
1076	1078
1077	1076
1077	1078
1077	1075
1077	1079
1078	1077
1078	1079
1078	1076
1078	1080
1079	1078
1079	1080
1079	1077
1079	1081
1080	1079
1080	1081
1080	1078
1080	1082
1081	1080
1081	1082
1081	1079
1081	1083
1082	1081
1082	1080
1082	567
1082	1443
1083	1084
1083	1081
1083	1085
1084	1083
1084	1085
1084	1086
1085	1084
1085	1086
1085	1083
1085	1087
1085	1739
1086	1085
1086	1084
1086	1088
1086	1804
1087	1088
1087	1085
1087	1089
1087	357
1088	1087
1088	1089
1088	1086
1088	1090
1088	1564
1089	1088
1089	1087
1089	1091
1089	84
1090	1091
1090	1088
1090	1092
1091	1090
1091	1092
1091	1089
1091	774
1092	1091
1092	1093
1092	1090
1092	1094
1092	236
1093	1092
1093	1094
1093	699
1093	708
1094	1093
1094	1092
1094	1096
1094	1023
1094	1158
1095	1096
1095	1097
1096	1095
1096	1097
1096	1094
1096	1371
1097	1096
1097	1098
1097	1095
1097	1619
1098	1097
1098	1099
1098	1100
1099	1098
1099	1100
1099	1101
1100	1099
1100	1101
1100	1098
1100	1102
1101	1100
1101	1102
1101	1099
1101	598
1101	1710
1101	1781
1102	1101
1102	1100
1102	1104
1102	1930
1102	289
1103	1104
1103	1105
1104	1103
1104	1102
1104	1106
1104	337
1104	949
1104	1476
1105	1106
1105	1103
1105	894
1105	553
1105	1881
1106	1105
1106	1107
1106	1104
1106	1798
1107	1106
1107	1108
1107	1600
1108	1107
1108	1285
1108	1887
1108	313
1109	1110
1109	314
1110	1109
1110	1112
1110	699
1110	948
1111	1113
1111	1185
1111	557
1111	1697
1112	1113
1112	1110
1112	421
1113	1112
1113	1114
1113	1111
1113	1115
1113	1392
1114	1113
1114	1115
1114	1116
1115	1114
1115	1113
1115	1117
1115	309
1116	1117
1116	1114
1116	1778
1116	1957
1117	1116
1117	1118
1117	1115
1117	1962
1118	1117
1118	1120
1118	622
1119	1120
1119	1121
1120	1119
1120	1121
1120	1118
1120	1122
1121	1120
1121	1122
1121	1119
1121	1123
1122	1121
1122	1120
1122	1124
1122	797
1123	1124
1123	1121
1123	1125
1123	704
1123	1347
1124	1123
1124	1122
1124	1126
1124	251
1125	1126
1125	1123
1125	1127
1125	1655
1126	1125
1126	1127
1126	1124
1126	1128
1127	1126
1127	1128
1127	1125
1127	791
1127	1436
1128	1127
1128	1126
1128	1130
1128	256
1129	1130
1129	1131
1129	357
1130	1129
1130	1131
1130	1128
1130	93
1131	1130
1131	1132
1131	1129
1131	1133
1132	1131
1132	1133
1132	1134
1133	1132
1133	1134
1133	1131
1133	1135
1133	1518
1134	1133
1134	1135
1134	1132
1134	1136
1135	1134
1135	1136
1135	1133
1135	1137
1136	1135
1136	1137
1136	1134
1136	1138
1137	1136
1137	1138
1137	1135
1137	1139
1138	1137
1138	1136
1138	1140
1138	891
1139	1140
1139	1137
1139	1141
1140	1139
1140	1141
1140	1138
1140	1142
1141	1140
1141	1142
1141	1139
1141	1143
1142	1141
1142	1143
1142	1140
1142	1144
1143	1142
1143	1144
1143	1141
1143	937
1144	1143
1144	1145
1144	1142
1144	1146
1144	334
1145	1144
1145	1146
1145	1147
1146	1145
1146	1147
1146	1144
1146	1148
1146	20
1147	1146
1147	1148
1147	1145
1147	1149
1147	98
1148	1147
1148	1149
1148	1146
1148	1150
1148	1285
1149	1148
1149	1150
1149	1147
1149	1151
1149	761
1150	1149
1150	1151
1150	1148
1150	215
1150	1924
1151	1150
1151	1152
1151	1149
1151	1153
1151	227
1152	1151
1152	1153
1152	1154
1152	840
1153	1152
1153	1154
1153	1151
1153	1155
1154	1153
1154	1155
1154	1152
1154	1156
1155	1154
1155	1156
1155	1153
1155	1157
1156	1155
1156	1157
1156	1154
1156	1158
1157	1156
1157	1158
1157	1155
1157	1221
1158	1157
1158	1159
1158	1156
1158	121
1158	1094
1158	1418
1159	1158
1159	1160
1159	1161
1159	1039
1159	1198
1160	1159
1160	1161
1160	1162
1161	1160
1161	1162
1161	1159
1161	1163
1162	1161
1162	1163
1162	1160
1162	1483
1163	1162
1163	1164
1163	1161
1163	1530
1164	1163
1164	1165
1164	1166
1165	1164
1165	1166
1165	1167
1166	1165
1166	1167
1166	1164
1166	1168
1166	564
1167	1166
1167	1168
1167	1165
1167	1169
1168	1167
1168	1169
1168	1166
1168	1170
1169	1168
1169	1170
1169	1167
1169	1171
1169	1225
1170	1169
1170	1168
1170	54
1170	831
1170	1304
1171	1172
1171	1169
1171	1173
1172	1171
1172	1174
1172	907
1173	1174
1173	1171
1173	176
1173	772
1174	1173
1174	1172
1174	1423
1174	424
1174	90
1175	1176
1175	1177
1176	1175
1176	1177
1176	1474
1177	1176
1177	1178
1177	1175
1177	1179
1177	1531
1178	1177
1178	1179
1178	1180
1179	1178
1179	1180
1179	1177
1179	1181
1180	1179
1180	1181
1180	1178
1180	1182
1181	1180
1181	1179
1181	1183
1181	1891
1182	1183
1182	1180
1182	1184
1183	1182
1183	1184
1183	1181
1183	1185
1183	203
1184	1183
1184	1185
1184	1182
1184	1186
1185	1184
1185	1186
1185	1183
1185	1187
1185	1111
1185	582
1185	842
1185	1950
1186	1185
1186	1184
1186	1188
1186	1706
1187	1188
1187	1185
1187	1189
1188	1187
1188	1186
1188	1190
1188	1038
1189	1187
1189	1191
1189	1756
1190	1188
1190	1192
1190	728
1190	1049
1191	1192
1191	1189
1191	1193
1192	1191
1192	1193
1192	1190
1192	940
1193	1192
1193	1191
1193	1195
1193	1380
1194	1195
1194	1196
1194	868
1195	1194
1195	1196
1195	1193
1195	1197
1195	1742
1196	1195
1196	1197
1196	1194
1196	1198
1196	342
1197	1196
1197	1198
1197	1195
1197	1671
1198	1197
1198	1199
1198	1196
1198	1159
1199	1198
1199	1200
1199	1201
1200	1199
1200	171
1200	1890
1200	628
1201	1202
1201	1199
1201	1203
1202	1201
1202	1203
1202	1204
1203	1202
1203	1204
1203	1201
1203	499
1203	114
1204	1203
1204	1205
1204	1202
1204	1206
1205	1204
1205	1746
1205	16
1206	1204
1206	1208
1206	1214
1206	1270
1206	1707
1207	1209
1207	396
1207	1040
1208	1209
1208	1206
1208	87
1209	1208
1209	1210
1209	1207
1209	1211
1210	1209
1210	1211
1210	30
1211	1210
1211	1212
1211	1209
1211	1213
1212	1211
1212	1213
1212	1214
1213	1212
1213	1214
1213	1211
1213	1215
1214	1213
1214	1215
1214	1212
1214	1216
1214	1206
1215	1214
1215	1216
1215	1213
1215	1011
1216	1215
1216	1214
1216	1218
1216	1807
1217	1444
1217	1233
1217	1954
1218	1219
1218	1216
1218	1220
1219	1218
1219	1220
1219	442
1220	1219
1220	1221
1220	1218
1220	1222
1221	1220
1221	1222
1221	1223
1221	1157
1222	1221
1222	1223
1222	1220
1222	1224
1223	1222
1223	1224
1223	1221
1223	38
1224	1223
1224	1222
1224	1226
1224	1374
1225	1226
1225	1169
1226	1225
1226	1227
1226	1224
1226	1228
1227	1226
1227	1229
1227	1833
1228	1226
1228	1230
1228	588
1229	1230
1229	1227
1229	1231
1230	1229
1230	1231
1230	1228
1230	275
1231	1230
1231	1232
1231	1229
1231	1233
1232	1231
1232	1233
1232	1234
1233	1232
1233	1234
1233	1231
1233	1235
1233	1217
1234	1233
1234	1232
1234	1236
1234	1605
1235	1236
1235	1233
1235	1237
1236	1235
1236	1234
1236	1238
1236	938
1237	1235
1237	1239
1237	1999
1238	1239
1238	1236
1238	1240
1239	1238
1239	1240
1239	1237
1239	1241
1240	1239
1240	1241
1240	1238
1240	227
1241	1240
1241	1242
1241	1239
1241	1452
1242	1241
1242	1243
1242	623
1243	1242
1243	1244
1243	1245
1244	1243
1244	1245
1244	241
1244	601
1245	1244
1245	1246
1245	1243
1245	1351
1246	1245
1246	1247
1246	1248
1247	1246
1247	1248
1247	1249
1248	1247
1248	1249
1248	1246
1248	1250
1248	951
1249	1248
1249	1250
1249	1247
1249	1251
1250	1249
1250	1251
1250	1248
1250	1252
1251	1250
1251	1252
1251	1249
1251	1253
1252	1251
1252	1253
1252	1250
1252	1254
1253	1252
1253	1254
1253	1251
1253	1255
1254	1253
1254	1255
1254	1252
1254	822
1254	1959
1255	1254
1255	1253
1255	1257
1255	839
1255	1524
1255	723
1256	1258
1256	861
1257	1258
1257	1255
1257	1259
1258	1257
1258	1259
1258	1256
1258	1260
1258	993
1258	1543
1259	1258
1259	1260
1259	1257
1259	1261
1260	1259
1260	1261
1260	1258
1260	1262
1261	1260
1261	1262
1261	1259
1261	1263
1262	1261
1262	1263
1262	1260
1262	1264
1263	1262
1263	1264
1263	1261
1263	1265
1264	1263
1264	1265
1264	1262
1264	1266
1265	1264
1265	1266
1265	1263
1265	1267
1266	1265
1266	1267
1266	1264
1266	1268
1267	1266
1267	1265
1267	1269
1267	1539
1268	1266
1268	1676
1268	1605
1269	1267
1269	1271
1269	258
1269	1630
1269	664
1270	1272
1270	1206
1271	1269
1271	50
1271	721
1271	662
1272	1273
1272	1270
1272	1274
1273	1272
1273	1274
1273	965
1274	1273
1274	1275
1274	1272
1274	495
1275	1274
1275	1276
1275	1277
1276	1275
1276	1277
1276	68
1277	1276
1277	1278
1277	1275
1277	1279
1278	1277
1278	1279
1278	1280
1279	1278
1279	1277
1279	1281
1279	1619
1280	1281
1280	1278
1280	96
1280	576
1281	1280
1281	1279
1281	1283
1281	146
1281	1677
1282	1283
1282	1284
1283	1282
1283	1284
1283	1281
1283	1285
1283	1848
1284	1283
1284	1282
1284	1286
1284	587
1284	880
1285	1286
1285	1283
1285	1108
1285	1148
1286	1285
1286	1284
1286	1288
1286	1781
1287	1288
1287	1289
1288	1287
1288	1289
1288	1286
1288	1290
1288	862
1288	330
1289	1288
1289	1287
1289	1291
1289	953
1289	1790
1290	1291
1290	1288
1290	1292
1291	1290
1291	1292
1291	1289
1291	1293
1291	1317
1291	1528
1292	1291
1292	1290
1292	1294
1292	1447
1292	836
1293	1291
1293	1295
1293	219
1294	1295
1294	1292
1294	316
1294	931
1294	1020
1295	1294
1295	1293
1295	1297
1295	1440
1296	1298
1296	636
1297	1298
1297	1295
1297	1299
1298	1297
1298	1299
1298	1296
1298	1300
1298	923
1299	1298
1299	1300
1299	1297
1299	1301
1299	193
1300	1299
1300	1298
1300	1923
1300	1878
1300	1996
1301	1302
1301	1299
1301	1303
1302	1301
1302	1303
1302	1601
1303	1302
1303	1304
1303	1301
1303	1305
1304	1303
1304	1305
1304	1306
1304	893
1304	1170
1305	1304
1305	1303
1305	1307
1305	1860
1306	1304
1306	860
1306	627
1306	1627
1307	1308
1307	1305
1307	1309
1308	1307
1308	1309
1308	1310
1309	1308
1309	1307
1309	1311
1309	1755
1310	1311
1310	1308
1310	1312
1311	1310
1311	1309
1311	1313
1311	1856
1312	1313
1312	1310
1312	1314
1313	1312
1313	1314
1313	1311
1313	1360
1313	1514
1313	262
1314	1313
1314	1315
1314	1312
1314	714
1314	1779
1315	1314
1315	1316
1315	1317
1316	1315
1316	1318
1316	892
1316	491
1317	1315
1317	1291
1317	1750
1318	1316
1318	311
1318	807
1319	1320
1319	1447
1319	1928
1320	1319
1320	1321
1320	1322
1320	698
1321	1320
1321	1322
1321	350
1321	1962
1322	1321
1322	1320
1322	1324
1322	568
1323	1325
1323	1906
1324	1322
1324	1326
1324	659
1324	1745
1325	1323
1325	1327
1325	1963
1326	1327
1326	1324
1326	1328
1326	1814
1327	1326
1327	1328
1327	1325
1327	1329
1328	1327
1328	1329
1328	1326
1328	161
1329	1328
1329	1330
1329	1327
1329	1331
1330	1329
1330	1331
1330	1332
1331	1330
1331	1332
1331	1329
1331	1333
1332	1331
1332	1333
1332	1330
1332	318
1333	1332
1333	1331
1333	1335
1333	164
1334	1335
1334	1336
1335	1334
1335	1336
1335	1333
1335	1337
1335	413
1336	1335
1336	1337
1336	1334
1336	665
1337	1336
1337	1338
1337	1335
1337	769
1338	1337
1338	1339
1338	1340
1338	920
1339	1338
1339	1340
1339	1341
1339	400
1340	1339
1340	1341
1340	1338
1340	1342
1341	1340
1341	1339
1341	1343
1341	558
1342	1343
1342	1340
1342	1344
1342	600
1343	1342
1343	1344
1343	1341
1343	867
1344	1343
1344	1345
1344	1342
1344	1346
1344	622
1345	1344
1345	1346
1345	1347
1345	1752
1346	1345
1346	1347
1346	1344
1346	1348
1346	1731
1347	1346
1347	1348
1347	1345
1347	387
1347	654
1347	1123
1348	1347
1348	1349
1348	1346
1348	1350
1349	1348
1349	1351
1349	1467
1350	1351
1350	1348
1350	1352
1351	1350
1351	1352
1351	1349
1351	1353
1351	1245
1352	1351
1352	1350
1352	1354
1352	896
1352	1382
1353	1351
1353	1355
1353	1822
1354	1355
1354	1352
1354	1356
1355	1354
1355	1353
1355	1357
1355	680
1356	1357
1356	1354
1356	1358
1356	843
1357	1356
1357	1358
1357	1355
1357	1359
1358	1357
1358	1359
1358	1356
1358	1360
1359	1358
1359	1360
1359	1357
1359	1361
1360	1359
1360	1358
1360	1362
1360	1313
1361	1359
1361	1363
1361	1948
1362	1363
1362	1360
1362	1364
1363	1362
1363	1364
1363	1361
1363	1900
1364	1363
1364	1365
1364	1362
1364	1366
1365	1364
1365	1366
1365	1367
1366	1365
1366	1367
1366	1364
1366	1368
1367	1366
1367	1368
1367	1365
1367	1369
1368	1367
1368	1366
1368	1370
1368	1019
1369	1370
1369	1367
1369	1371
1370	1369
1370	1371
1370	1368
1370	1372
1370	1971
1371	1370
1371	1372
1371	1369
1371	1096
1371	87
1372	1371
1372	1370
1372	1374
1372	1752
1373	1374
1373	513
1374	1373
1374	1372
1374	1376
1374	327
1374	841
1374	1224
1374	184
1375	1376
1375	1377
1376	1375
1376	1377
1376	1374
1376	580
1377	1376
1377	1378
1377	1375
1377	1379
1378	1377
1378	1379
1378	1380
1379	1378
1379	1377
1379	1381
1379	420
1380	1378
1380	1382
1380	1193
1380	828
1381	1382
1381	1379
1381	1733
1381	1698
1382	1381
1382	1383
1382	1380
1382	1384
1382	1352
1382	1661
1383	1382
1383	1384
1383	1385
1384	1383
1384	1385
1384	1382
1384	511
1385	1384
1385	1386
1385	1383
1385	698
1386	1385
1386	1387
1386	1388
1387	1386
1387	1388
1387	1389
1387	91
1388	1387
1388	1389
1388	1386
1388	1390
1388	705
1389	1388
1389	1390
1389	1387
1389	143
1390	1389
1390	1391
1390	1388
1390	1392
1391	1390
1391	1392
1391	1393
1391	339
1392	1391
1392	1390
1392	1394
1392	858
1392	1113
1393	1394
1393	1391
1393	536
1394	1393
1394	1395
1394	1392
1394	1572
1395	1394
1395	1396
1395	1397
1396	1395
1396	1398
1396	1797
1396	1053
1397	1395
1397	1399
1397	1867
1398	1399
1398	1396
1398	659
1399	1398
1399	1400
1399	1397
1399	1401
1400	1399
1400	1401
1400	335
1400	584
1401	1400
1401	1402
1401	1399
1401	1403
1401	982
1402	1401
1402	1403
1402	1404
1403	1402
1403	1404
1403	1401
1403	1405
1404	1403
1404	1405
1404	1402
1404	1406
1405	1404
1405	1403
1405	1407
1405	125
1406	1404
1406	1408
1406	816
1407	1408
1407	1405
1407	1409
1408	1407
1408	1409
1408	1406
1408	1410
1409	1408
1409	1410
1409	1407
1409	619
1409	1897
1410	1409
1410	1411
1410	1408
1410	348
1411	1410
1411	1412
1411	1413
1411	1992
1412	1411
1412	1413
1412	1414
1413	1412
1413	1411
1413	1415
1413	502
1414	1415
1414	1412
1414	1416
1414	81
1415	1414
1415	1416
1415	1413
1415	504
1416	1415
1416	1417
1416	1414
1416	1418
1417	1416
1417	1419
1417	419
1418	1416
1418	190
1418	1158
1419	1420
1419	1417
1419	1421
1420	1419
1420	1422
1420	863
1420	1842
1421	1422
1421	1419
1421	1423
1422	1421
1422	1423
1422	1420
1422	1424
1423	1422
1423	1424
1423	1421
1423	1425
1423	1174
1424	1423
1424	1425
1424	1422
1424	1426
1424	125
1425	1424
1425	1426
1425	1423
1425	370
1426	1425
1426	1427
1426	1424
1426	1428
1427	1426
1427	1428
1427	1429
1428	1427
1428	1429
1428	1426
1428	1430
1428	169
1428	702
1429	1428
1429	1430
1429	1427
1429	1431
1430	1429
1430	1431
1430	1428
1430	1432
1431	1430
1431	1432
1431	1429
1431	1433
1432	1431
1432	1430
1432	1434
1432	1907
1433	1434
1433	1431
1433	1435
1434	1433
1434	1435
1434	1432
1434	1436
1435	1434
1435	1436
1435	1433
1435	1437
1435	589
1435	630
1435	930
1435	1734
1435	1998
1436	1435
1436	1434
1436	534
1436	1127
1437	1438
1437	1435
1437	1439
1438	1437
1438	1439
1438	1440
1438	837
1439	1438
1439	1437
1439	1441
1439	830
1440	1438
1440	1442
1440	1295
1440	43
1441	1439
1441	1443
1441	404
1442	1443
1442	1440
1442	1444
1443	1442
1443	1441
1443	1445
1443	1598
1443	1082
1444	1442
1444	1217
1444	824
1444	1490
1445	1446
1445	1443
1445	1447
1445	1608
1446	1445
1446	1447
1446	1448
1447	1446
1447	1448
1447	1445
1447	1449
1447	1292
1447	1319
1448	1447
1448	1446
1448	1450
1448	877
1448	871
1448	188
1449	1450
1449	1447
1449	777
1449	1452
1450	1449
1450	1451
1450	1448
1450	1452
1450	118
1451	1450
1451	1452
1451	1453
1452	1451
1452	1453
1452	1450
1452	1454
1452	1241
1452	1449
1453	1452
1453	1454
1453	1451
1453	1455
1453	1519
1454	1453
1454	1452
1454	1456
1454	790
1455	1456
1455	1453
1455	1718
1455	848
1455	1704
1456	1455
1456	1454
1456	1458
1456	469
1457	1458
1457	1026
1457	1825
1457	147
1458	1457
1458	1459
1458	1456
1458	1460
1458	63
1459	1458
1459	1460
1459	1461
1460	1459
1460	1461
1460	1458
1460	1905
1461	1460
1461	1462
1461	1459
1461	1956
1462	1461
1462	1463
1462	209
1463	1462
1463	1465
1463	1498
1464	1466
1464	880
1464	238
1465	1466
1465	1463
1465	1467
1465	1988
1466	1465
1466	1464
1466	1468
1466	239
1467	1468
1467	1465
1467	1469
1467	206
1467	1349
1467	392
1468	1467
1468	1469
1468	1466
1468	1470
1469	1468
1469	1470
1469	1467
1469	1471
1470	1469
1470	1471
1470	1468
1470	1472
1471	1470
1471	1472
1471	1469
1471	1473
1471	1905
1472	1471
1472	1473
1472	1470
1472	1474
1473	1472
1473	1474
1473	1471
1473	1475
1474	1473
1474	1475
1474	1472
1474	1476
1474	1176
1475	1474
1475	1476
1475	1473
1475	1477
1476	1475
1476	1477
1476	1474
1476	1104
1477	1476
1477	1478
1477	1475
1477	1479
1478	1477
1478	1479
1478	484
1478	896
1479	1478
1479	1480
1479	1477
1479	533
1480	1479
1480	1601
1480	496
1481	1482
1481	1483
1482	1481
1482	1483
1482	1484
1483	1482
1483	1484
1483	1481
1483	1485
1483	1162
1484	1483
1484	1485
1484	1482
1484	1486
1485	1484
1485	1483
1485	1487
1485	977
1486	1484
1486	1488
1486	1002
1487	1488
1487	1485
1487	1489
1487	934
1488	1487
1488	1489
1488	1486
1488	1956
1489	1488
1489	1490
1489	1487
1489	1491
1490	1489
1490	1491
1490	1492
1490	669
1490	1444
1491	1490
1491	1492
1491	1489
1491	1493
1492	1491
1492	1490
1492	1494
1492	457
1492	1508
1493	1494
1493	1491
1493	1495
1494	1493
1494	1492
1494	1496
1494	469
1495	1496
1495	1493
1495	1497
1496	1495
1496	1497
1496	1494
1496	560
1497	1496
1497	1495
1497	1499
1497	191
1497	1947
1498	1499
1498	1500
1498	1463
1499	1498
1499	1500
1499	1497
1499	1501
1500	1499
1500	1501
1500	1498
1500	1502
1500	747
1501	1500
1501	1499
1501	1885
1501	1667
1502	1503
1502	1500
1502	1504
1502	1891
1503	1502
1503	1504
1503	1505
1504	1503
1504	1505
1504	1502
1504	1506
1505	1504
1505	1506
1505	1503
1505	1507
1505	17
1506	1505
1506	1504
1506	1508
1506	1576
1507	1505
1507	1509
1507	97
1508	1509
1508	1506
1508	1492
1509	1508
1509	1510
1509	1507
1509	1511
1510	1509
1510	1512
1510	1514
1511	1512
1511	1509
1511	444
1512	1511
1512	1513
1512	1510
1512	1514
1512	363
1513	1512
1513	1514
1513	1903
1514	1513
1514	1512
1514	1516
1514	1510
1514	1313
1514	1903
1515	1516
1515	1517
1516	1515
1516	1517
1516	1514
1516	1518
1517	1516
1517	1518
1517	1515
1517	156
1518	1517
1518	1516
1518	1520
1518	1133
1519	1520
1519	1453
1520	1519
1520	1521
1520	1518
1520	1522
1520	805
1520	129
1520	317
1521	1520
1521	1522
1521	1523
1522	1521
1522	1523
1522	1520
1522	1524
1523	1522
1523	1521
1523	1525
1523	110
1524	1522
1524	1526
1524	1255
1524	579
1524	1596
1525	1526
1525	1523
1525	105
1526	1525
1526	1527
1526	1524
1526	166
1527	1526
1527	1528
1527	1529
1528	1527
1528	1530
1528	1291
1529	1530
1529	1527
1529	1531
1530	1529
1530	1528
1530	1532
1530	308
1530	1163
1531	1529
1531	1533
1531	1177
1531	1034
1532	1533
1532	1530
1532	1534
1532	453
1533	1532
1533	1534
1533	1531
1533	646
1534	1533
1534	1535
1534	1532
1534	1536
1535	1534
1535	1536
1535	1537
1535	1037
1536	1535
1536	1537
1536	1534
1536	857
1536	656
1537	1536
1537	1538
1537	1535
1537	1539
1538	1537
1538	1539
1538	1540
1539	1538
1539	1540
1539	1537
1539	1541
1539	1267
1539	429
1540	1539
1540	1541
1540	1538
1540	1542
1541	1540
1541	1542
1541	1539
1541	1543
1542	1541
1542	1540
1542	1544
1542	607
1542	896
1543	1544
1543	1541
1543	1258
1544	1543
1544	1545
1544	1542
1544	1546
1545	1544
1545	1546
1545	327
1546	1545
1546	1547
1546	1544
1546	470
1547	1546
1547	1548
1547	1549
1547	45
1547	1579
1548	1547
1548	1550
1548	1937
1549	1550
1549	1547
1549	1551
1550	1549
1550	1551
1550	1548
1550	1552
1551	1550
1551	1552
1551	1549
1551	1553
1551	1793
1551	1912
1552	1551
1552	1553
1552	1550
1552	1554
1553	1552
1553	1554
1553	1551
1553	1555
1553	6
1554	1553
1554	1555
1554	1552
1554	1556
1555	1554
1555	1556
1555	1553
1555	1557
1556	1555
1556	1557
1556	1554
1556	1558
1557	1556
1557	1558
1557	1555
1557	1559
1558	1557
1558	1559
1558	1556
1558	1560
1558	1036
1559	1558
1559	1557
1559	1561
1559	1657
1560	1561
1560	1558
1560	1927
1560	1568
1561	1560
1561	1559
1561	1563
1561	1750
1562	1563
1562	1564
1563	1562
1563	1564
1563	1561
1563	1565
1564	1563
1564	1562
1564	1566
1564	1088
1565	1566
1565	1563
1565	1567
1566	1565
1566	1567
1566	1564
1566	1568
1566	607
1567	1566
1567	1568
1567	1565
1567	487
1568	1567
1568	1569
1568	1566
1568	1560
1569	1568
1569	833
1569	1038
1570	1571
1570	1572
1571	1570
1571	1572
1571	1853
1572	1571
1572	1573
1572	1570
1572	1574
1572	1394
1573	1572
1573	1574
1573	1575
1574	1573
1574	1575
1574	1572
1574	1576
1574	91
1575	1574
1575	1576
1575	1573
1575	1577
1576	1575
1576	1574
1576	1578
1576	1506
1576	758
1576	904
1577	1575
1577	1579
1577	277
1577	1626
1578	1579
1578	1576
1578	1580
1578	21
1579	1578
1579	1580
1579	1577
1579	1547
1580	1579
1580	1578
1580	1582
1580	1613
1581	1582
1581	1583
1582	1581
1582	1583
1582	1580
1582	1584
1582	737
1583	1582
1583	1584
1583	1581
1583	1585
1584	1583
1584	1582
1584	1586
1584	755
1585	1583
1585	1587
1585	373
1586	1587
1586	1584
1586	1588
1587	1586
1587	1588
1587	1585
1587	1589
1588	1587
1588	1586
1588	1590
1588	749
1589	1590
1589	1587
1589	1591
1590	1589
1590	1591
1590	1588
1590	1592
1591	1590
1591	1592
1591	1589
1591	1593
1592	1591
1592	1593
1592	1590
1592	1594
1592	833
1592	36
1593	1592
1593	1594
1593	1591
1593	1595
1594	1593
1594	1595
1594	1592
1594	1596
1594	26
1595	1594
1595	1596
1595	1593
1595	1597
1596	1595
1596	1597
1596	1594
1596	1524
1597	1596
1597	1598
1597	1595
1597	1599
1598	1597
1598	1599
1598	1600
1598	1443
1599	1598
1599	1600
1599	1597
1599	449
1600	1599
1600	1601
1600	1598
1600	1602
1600	1610
1600	1107
1601	1600
1601	1480
1601	972
1601	1302
1601	189
1602	1603
1602	1600
1602	1604
1603	1602
1603	1604
1603	1605
1604	1603
1604	1605
1604	1602
1604	1606
1605	1604
1605	1606
1605	1603
1605	1607
1605	1234
1605	1268
1606	1605
1606	1607
1606	1604
1606	1608
1606	989
1607	1606
1607	1608
1607	1605
1607	1609
1607	880
1608	1607
1608	1606
1608	1610
1608	1445
1609	1607
1609	1611
1609	1725
1610	1608
1610	1612
1610	1600
1611	1612
1611	1609
1611	1613
1612	1611
1612	1613
1612	1610
1612	1614
1612	1034
1613	1612
1613	1611
1613	1615
1613	397
1613	1580
1613	962
1614	1615
1614	1612
1614	1616
1615	1614
1615	1613
1615	1617
1615	628
1616	1617
1616	1614
1616	1618
1617	1616
1617	1618
1617	1615
1617	1619
1618	1617
1618	1619
1618	1616
1618	1620
1619	1618
1619	1620
1619	1617
1619	1621
1619	1279
1619	1097
1620	1619
1620	1621
1620	1618
1620	1833
1621	1620
1621	1622
1621	1619
1621	1623
1622	1621
1622	1623
1622	1624
1623	1622
1623	1624
1623	1621
1623	1625
1624	1623
1624	1625
1624	1622
1624	1626
1625	1624
1625	1626
1625	1623
1625	1627
1626	1625
1626	1624
1626	1628
1626	1577
1627	1628
1627	1625
1627	1629
1627	1306
1628	1627
1628	1629
1628	1626
1628	1630
1629	1628
1629	1630
1629	1627
1629	698
1629	716
1630	1629
1630	1628
1630	1632
1630	1269
1631	1632
1631	1633
1632	1631
1632	1633
1632	1630
1632	1634
1633	1632
1633	1634
1633	1631
1633	1635
1634	1633
1634	1635
1634	1632
1634	1636
1634	1847
1635	1634
1635	1636
1635	1633
1635	1637
1636	1635
1636	1637
1636	1634
1636	1638
1636	966
1637	1636
1637	1638
1637	1635
1637	1639
1637	730
1638	1637
1638	1639
1638	1636
1638	1640
1639	1638
1639	1637
1639	1641
1639	1897
1640	1641
1640	1638
1640	1642
1641	1640
1641	1642
1641	1639
1641	1643
1642	1641
1642	1643
1642	1640
1642	1644
1643	1642
1643	1641
1643	1645
1643	868
1644	1645
1644	1642
1644	1646
1645	1644
1645	1646
1645	1643
1645	1647
1646	1645
1646	1647
1646	1644
1646	1648
1647	1646
1647	1648
1647	1645
1647	669
1648	1647
1648	1649
1648	1646
1648	1667
1649	1648
1649	1650
1649	1651
1650	1649
1650	1652
1650	514
1651	1652
1651	1649
1651	1653
1652	1651
1652	1653
1652	1650
1652	1654
1652	305
1653	1652
1653	1651
1653	1655
1653	1818
1654	1655
1654	1652
1654	1656
1655	1654
1655	1656
1655	1653
1655	1125
1656	1655
1656	1654
1656	1658
1656	968
1657	1658
1657	1659
1657	1559
1657	1907
1658	1657
1658	1659
1658	1656
1658	1660
1659	1658
1659	1660
1659	1657
1659	1661
1660	1659
1660	1661
1660	1658
1660	1695
1661	1660
1661	1659
1661	348
1661	1746
1661	1382
1662	1663
1662	1664
1663	1662
1663	1664
1663	1716
1663	368
1664	1663
1664	1665
1664	1662
1664	1666
1665	1664
1665	1667
1665	733
1666	1667
1666	1664
1666	1668
1666	693
1667	1666
1667	1668
1667	1665
1667	1669
1667	1501
1667	1648
1668	1667
1668	1669
1668	1666
1668	1670
1669	1668
1669	1670
1669	1667
1669	1671
1670	1669
1670	1671
1670	1668
1670	1672
1671	1670
1671	1672
1671	1669
1671	1673
1671	1197
1672	1671
1672	1673
1672	1670
1672	1674
1672	894
1673	1672
1673	1674
1673	1671
1673	1675
1674	1673
1674	1675
1674	1672
1674	1676
1675	1674
1675	1676
1675	1673
1675	1677
1676	1675
1676	1674
1676	1678
1676	1268
1676	244
1677	1678
1677	1675
1677	1679
1677	1281
1678	1677
1678	1676
1678	1680
1678	186
1678	801
1679	1680
1679	1677
1679	1681
1680	1679
1680	1681
1680	1678
1680	1682
1681	1680
1681	1682
1681	1679
1681	1683
1681	12
1682	1681
1682	1683
1682	1680
1682	1684
1683	1682
1683	1684
1683	1681
1683	1685
1684	1683
1684	1685
1684	1682
1684	1686
1685	1684
1685	1686
1685	1683
1685	1687
1686	1685
1686	1687
1686	1684
1686	1688
1687	1686
1687	1688
1687	1685
1687	1689
1688	1687
1688	1689
1688	1686
1688	1690
1689	1688
1689	1690
1689	1687
1689	1691
1689	1072
1690	1689
1690	1691
1690	1688
1690	1692
1691	1690
1691	1692
1691	1689
1691	1693
1691	898
1692	1691
1692	1693
1692	1690
1692	1694
1693	1692
1693	1694
1693	1691
1693	1695
1693	472
1693	617
1693	27
1694	1693
1694	1695
1694	1692
1694	1696
1695	1694
1695	1696
1695	1693
1695	1660
1695	744
1696	1695
1696	1697
1696	1694
1696	1698
1696	1868
1696	90
1697	1696
1697	1698
1697	1111
1698	1697
1698	1699
1698	1696
1698	1700
1698	1381
1699	1698
1699	1700
1699	1701
1700	1699
1700	1701
1700	1698
1700	1702
1700	628
1701	1700
1701	1702
1701	1699
1701	1703
1702	1701
1702	1700
1702	1704
1702	969
1702	622
1703	1704
1703	1701
1703	1705
1704	1703
1704	1705
1704	1702
1704	1706
1704	1455
1705	1704
1705	1706
1705	1703
1705	1707
1706	1705
1706	1707
1706	1704
1706	1708
1706	1186
1707	1706
1707	1708
1707	1705
1707	1206
1708	1707
1708	1709
1708	1706
1708	786
1709	1708
1709	1710
1709	1711
1710	1709
1710	1712
1710	1101
1711	1712
1711	1709
1711	1713
1712	1711
1712	1713
1712	1710
1712	1714
1713	1712
1713	1714
1713	1711
1713	1715
1713	1727
1714	1713
1714	1715
1714	1712
1714	1716
1715	1714
1715	1716
1715	1713
1715	1717
1716	1715
1716	1714
1716	1718
1716	1663
1717	1715
1717	1719
1717	953
1718	1716
1718	1720
1718	1455
1719	1717
1719	1721
1719	352
1720	1721
1720	1718
1720	1722
1721	1720
1721	1722
1721	1719
1721	206
1722	1721
1722	1723
1722	1720
1722	1724
1723	1722
1723	1724
1723	1725
1723	536
1724	1723
1724	1725
1724	1722
1724	1726
1724	1881
1725	1724
1725	1726
1725	1723
1725	1727
1725	1609
1726	1725
1726	1727
1726	1724
1726	1925
1727	1726
1727	1725
1727	1713
1727	972
1728	1729
1728	1730
1729	1728
1729	1730
1729	1731
1729	454
1730	1729
1730	1731
1730	1728
1730	1732
1731	1730
1731	1729
1731	1733
1731	1346
1732	1733
1732	1730
1732	1734
1733	1732
1733	1731
1733	1381
1733	1075
1734	1735
1734	1732
1734	1435
1735	1734
1735	1737
1735	352
1736	1738
1736	406
1737	1735
1737	1739
1737	659
1737	777
1738	1739
1738	1736
1738	1740
1739	1738
1739	1740
1739	1737
1739	1085
1740	1739
1740	1741
1740	1738
1740	1874
1741	1740
1741	1742
1741	985
1741	718
1742	1741
1742	1743
1742	1195
1743	1742
1743	1744
1743	538
1743	742
1744	1743
1744	1745
1744	1746
1745	1744
1745	1324
1745	142
1746	1744
1746	1748
1746	1205
1746	1661
1747	1748
1747	1749
1748	1747
1748	1749
1748	1746
1748	1750
1748	1823
1749	1748
1749	1750
1749	1747
1749	1751
1750	1749
1750	1751
1750	1748
1750	1752
1750	1561
1750	1317
1751	1750
1751	1749
1751	1753
1751	384
1752	1753
1752	1750
1752	1372
1752	1345
1753	1752
1753	1751
1753	1755
1753	437
1754	1755
1754	1756
1755	1754
1755	1756
1755	1753
1755	1757
1755	1309
1756	1755
1756	1757
1756	1754
1756	1758
1756	1189
1757	1756
1757	1755
1757	1759
1757	925
1758	1759
1758	1756
1758	1760
1759	1758
1759	1760
1759	1757
1759	1761
1760	1759
1760	1761
1760	1758
1760	1762
1761	1760
1761	1762
1761	1759
1761	1763
1762	1761
1762	1763
1762	1760
1762	1764
1763	1762
1763	1764
1763	1761
1763	1889
1764	1763
1764	1765
1764	1762
1764	1766
1765	1764
1765	1766
1765	1767
1766	1765
1766	1767
1766	1764
1766	1768
1767	1766
1767	1768
1767	1765
1767	1769
1768	1767
1768	1769
1768	1766
1768	1770
1769	1768
1769	1770
1769	1767
1769	1771
1770	1769
1770	1771
1770	1768
1770	1772
1771	1770
1771	1772
1771	1769
1771	1773
1772	1771
1772	1773
1772	1770
1772	1774
1773	1772
1773	1774
1773	1771
1773	1775
1774	1773
1774	1772
1774	791
1774	971
1775	1776
1775	1773
1775	1777
1776	1775
1776	1777
1776	1778
1777	1776
1777	1778
1777	1775
1777	1779
1778	1777
1778	1776
1778	1780
1778	1116
1778	1994
1779	1777
1779	1781
1779	652
1779	1314
1780	1778
1780	1782
1780	13
1781	1782
1781	1779
1781	1783
1781	1286
1781	1101
1782	1781
1782	1783
1782	1780
1782	1784
1783	1782
1783	1784
1783	1781
1783	1785
1784	1783
1784	1785
1784	1782
1784	1786
1785	1784
1785	1786
1785	1783
1785	1787
1786	1785
1786	1787
1786	1784
1786	563
1787	1786
1787	1788
1787	1785
1787	1789
1787	944
1788	1787
1788	1789
1788	1790
1788	554
1789	1788
1789	1790
1789	1787
1789	1791
1790	1789
1790	1788
1790	1792
1790	1289
1791	1792
1791	1789
1791	1793
1792	1791
1792	1793
1792	1790
1792	1794
1793	1792
1793	1794
1793	1791
1793	808
1793	1551
1794	1793
1794	1795
1794	1792
1794	1796
1795	1794
1795	1796
1795	1797
1795	1014
1796	1795
1796	1797
1796	1794
1796	1798
1797	1796
1797	1795
1797	1799
1797	1396
1797	185
1798	1799
1798	1796
1798	1800
1798	1106
1799	1798
1799	1800
1799	1797
1799	1801
1800	1799
1800	1801
1800	1798
1800	1802
1801	1800
1801	1802
1801	1799
1801	1803
1802	1801
1802	1803
1802	1800
1802	1804
1803	1802
1803	1801
1803	1805
1803	1015
1804	1805
1804	1802
1804	1806
1804	1086
1805	1804
1805	1806
1805	1803
1805	1807
1805	710
1805	878
1805	1022
1806	1805
1806	1807
1806	1804
1806	1808
1807	1806
1807	1808
1807	1805
1807	1809
1807	1216
1808	1807
1808	1809
1808	1806
1808	1810
1808	208
1809	1808
1809	1810
1809	1807
1809	1811
1810	1809
1810	1811
1810	1808
1810	479
1811	1810
1811	1812
1811	1809
1811	1813
1812	1811
1812	1813
1812	1814
1813	1812
1813	1814
1813	1811
1813	1815
1813	1860
1814	1813
1814	1812
1814	1816
1814	1326
1815	1816
1815	1813
1815	1817
1816	1815
1816	1817
1816	1814
1816	1818
1817	1816
1817	1818
1817	1815
1817	1819
1818	1817
1818	1819
1818	1816
1818	1820
1818	1653
1819	1818
1819	1820
1819	1817
1819	1821
1820	1819
1820	1821
1820	1818
1820	1822
1821	1820
1821	1822
1821	1819
1821	1823
1822	1821
1822	1823
1822	1820
1822	1824
1822	573
1822	1353
1823	1822
1823	1821
1823	1748
1823	1938
1824	1825
1824	1822
1824	1826
1825	1824
1825	1457
1825	454
1826	1827
1826	1824
1826	1828
1827	1826
1827	1828
1827	1829
1828	1827
1828	1829
1828	1826
1828	1830
1829	1828
1829	1830
1829	1827
1829	1831
1830	1829
1830	1831
1830	1828
1830	1832
1831	1830
1831	1832
1831	1829
1831	1833
1832	1831
1832	1833
1832	1830
1832	1834
1833	1832
1833	1834
1833	1831
1833	1835
1833	1227
1833	1620
1833	1838
1834	1833
1834	1835
1834	1832
1834	1836
1835	1834
1835	1836
1835	1833
1835	1837
1835	479
1836	1835
1836	1834
1836	1838
1836	17
1837	1838
1837	1835
1837	1839
1837	377
1838	1837
1838	1839
1838	1836
1838	113
1838	1833
1839	1838
1839	1840
1839	1837
1839	1841
1840	1839
1840	1842
1840	555
1841	1842
1841	1839
1841	1843
1842	1841
1842	1840
1842	1844
1842	1420
1843	1844
1843	1841
1843	1845
1844	1843
1844	1845
1844	1842
1844	1846
1845	1844
1845	1843
1845	1847
1845	166
1845	631
1846	1847
1846	1844
1846	1848
1847	1846
1847	1848
1847	1845
1847	1634
1848	1847
1848	1846
1848	1850
1848	1283
1849	1850
1849	1851
1850	1849
1850	1851
1850	1848
1850	1852
1851	1850
1851	1849
1851	1853
1851	951
1851	8
1852	1853
1852	1850
1852	1854
1853	1852
1853	1854
1853	1851
1853	214
1853	1571
1853	802
1854	1853
1854	1855
1854	1852
1854	1856
1854	119
1855	1854
1855	1856
1855	1857
1856	1855
1856	1857
1856	1854
1856	1858
1856	1311
1857	1856
1857	1858
1857	1855
1857	1859
1858	1857
1858	1859
1858	1856
1858	1860
1859	1858
1859	1860
1859	1857
1859	1861
1860	1859
1860	1861
1860	1858
1860	1305
1860	1813
1861	1860
1861	1859
1861	1863
1861	428
1861	563
1862	1863
1862	988
1863	1862
1863	1864
1863	1861
1863	1865
1864	1863
1864	1865
1864	1866
1865	1864
1865	1866
1865	1863
1865	1867
1866	1865
1866	1867
1866	1864
1866	1868
1867	1866
1867	1865
1867	1869
1867	1397
1867	1035
1867	1971
1868	1866
1868	1696
1868	31
1869	1870
1869	1867
1869	1871
1869	676
1870	1869
1870	1871
1870	1872
1871	1870
1871	1869
1871	1873
1871	833
1872	1873
1872	1870
1872	1874
1873	1872
1873	1874
1873	1871
1873	1875
1874	1873
1874	1875
1874	1872
1874	1876
1874	1740
1875	1874
1875	1876
1875	1873
1875	1877
1875	855
1876	1875
1876	1874
1876	1878
1876	484
1877	1878
1877	1875
1877	1879
1878	1877
1878	1879
1878	1876
1878	1880
1878	941
1878	1300
1879	1878
1879	1880
1879	1877
1879	1881
1880	1879
1880	1881
1880	1878
1880	1882
1881	1880
1881	1879
1881	1724
1881	1105
1882	1883
1882	1880
1882	1884
1883	1882
1883	1884
1883	726
1884	1883
1884	1885
1884	1882
1884	1886
1884	1008
1885	1884
1885	1886
1885	1887
1885	1501
1886	1885
1886	1887
1886	1884
1886	1888
1887	1886
1887	1885
1887	1889
1887	1108
1888	1889
1888	1886
1888	1890
1889	1888
1889	1887
1889	1891
1889	186
1889	1763
1890	1888
1890	188
1890	1200
1890	142
1891	1889
1891	1893
1891	1181
1891	1502
1891	1959
1892	1893
1892	1894
1893	1892
1893	1894
1893	1891
1893	1895
1894	1893
1894	1895
1894	1892
1894	1896
1895	1894
1895	1896
1895	1893
1895	1897
1896	1895
1896	1897
1896	1894
1896	1898
1896	533
1897	1896
1897	1898
1897	1895
1897	1899
1897	863
1897	1639
1897	1409
1898	1897
1898	1899
1898	1896
1898	1900
1899	1898
1899	1900
1899	1897
1899	1901
1900	1899
1900	1901
1900	1898
1900	1902
1900	1363
1901	1900
1901	1902
1901	1899
1901	1903
1902	1901
1902	1903
1902	1900
1902	314
1903	1902
1903	1901
1903	1514
1903	1513
1903	712
1904	1905
1904	1906
1905	1904
1905	1907
1905	291
1905	1471
1905	1460
1906	1907
1906	1904
1906	1908
1906	1323
1907	1906
1907	1905
1907	1909
1907	761
1907	1432
1907	1657
1908	1909
1908	1906
1908	1910
1909	1908
1909	1907
1909	1911
1909	1980
1910	1911
1910	1908
1910	1912
1911	1910
1911	1912
1911	1909
1911	1913
1911	414
1912	1911
1912	1913
1912	1910
1912	1551
1913	1912
1913	1914
1913	1911
1913	1915
1914	1913
1914	1915
1914	1916
1915	1914
1915	1916
1915	1913
1915	1917
1915	257
1916	1915
1916	1917
1916	1914
1916	1918
1916	671
1917	1916
1917	1918
1917	1915
1917	1919
1918	1917
1918	1919
1918	1916
1918	1920
1919	1918
1919	1920
1919	1917
1919	212
1920	1919
1920	1921
1920	1918
1920	1922
1921	1920
1921	1922
1921	1923
1922	1921
1922	1923
1922	1920
1922	1924
1922	33
1923	1922
1923	1924
1923	1921
1923	1925
1923	1300
1924	1923
1924	1925
1924	1922
1924	1150
1925	1924
1925	1926
1925	1923
1925	1927
1925	383
1925	1726
1926	1925
1926	1927
1926	1928
1927	1926
1927	1928
1927	1925
1927	1929
1927	383
1927	1560
1928	1927
1928	1929
1928	1926
1928	1319
1929	1928
1929	1930
1929	1927
1929	1931
1929	223
1930	1929
1930	1932
1930	1102
1930	571
1931	1929
1931	1933
1931	418
1932	1933
1932	1930
1932	1934
1933	1932
1933	1934
1933	1931
1933	1935
1934	1933
1934	1932
1934	1936
1934	886
1935	1936
1935	1933
1935	1937
1936	1935
1936	1937
1936	1934
1936	868
1937	1936
1937	1938
1937	1935
1937	1548
1937	38
1938	1937
1938	1940
1938	535
1938	387
1938	1823
1939	1940
1939	1941
1940	1939
1940	1941
1940	1938
1940	1942
1941	1940
1941	1942
1941	1939
1941	1943
1942	1941
1942	1943
1942	1940
1942	1944
1942	38
1943	1942
1943	1944
1943	1941
1943	1945
1944	1943
1944	1945
1944	1942
1944	1946
1945	1944
1945	1946
1945	1943
1945	837
1946	1945
1946	1947
1946	1944
1946	941
1947	1946
1947	1497
1947	122
1948	1949
1948	1950
1948	1361
1949	1948
1949	1950
1949	1951
1950	1949
1950	1948
1950	783
1950	1185
1951	1952
1951	1949
1951	1953
1952	1951
1952	1953
1952	1954
1953	1952
1953	1954
1953	1951
1953	1955
1954	1953
1954	1955
1954	1952
1954	1217
1955	1954
1955	1956
1955	1953
1955	1957
1955	945
1956	1955
1956	1957
1956	1958
1956	1461
1956	1488
1957	1956
1957	1958
1957	1955
1957	1959
1957	1052
1957	1116
1958	1957
1958	1959
1958	1956
1958	1960
1959	1958
1959	1957
1959	1961
1959	1891
1959	1254
1960	1961
1960	1958
1960	1962
1961	1960
1961	1962
1961	1959
1961	1963
1962	1961
1962	1963
1962	1960
1962	1964
1962	1117
1962	1321
1963	1962
1963	1964
1963	1961
1963	1965
1963	441
1963	1325
1964	1963
1964	1965
1964	1962
1964	1966
1965	1964
1965	1966
1965	1963
1965	1967
1965	906
1966	1965
1966	1967
1966	1964
1966	1968
1967	1966
1967	1968
1967	1965
1967	1969
1968	1967
1968	1969
1968	1966
1968	606
1969	1968
1969	1970
1969	1967
1969	55
1970	1969
1970	1971
1970	1972
1971	1970
1971	1044
1971	1867
1971	1370
1972	1973
1972	1970
1972	1974
1973	1972
1973	1975
1973	419
1974	1975
1974	1972
1974	1976
1975	1974
1975	1976
1975	1973
1975	1977
1976	1975
1976	1977
1976	1974
1976	1978
1977	1976
1977	1978
1977	1975
1977	1979
1978	1977
1978	1979
1978	1976
1978	1980
1979	1978
1979	1980
1979	1977
1979	1002
1980	1979
1980	1978
1980	1982
1980	1909
1980	832
1981	1983
1981	353
1982	1983
1982	1980
1982	859
1983	1982
1983	1984
1983	1981
1983	1985
1984	1983
1984	1985
1984	374
1985	1984
1985	1986
1985	1983
1985	1987
1986	1985
1986	1987
1986	1988
1987	1986
1987	1988
1987	1985
1987	1989
1988	1987
1988	1986
1988	1990
1988	1465
1989	1987
1989	1991
1989	946
1990	1991
1990	1988
1990	1992
1991	1990
1991	1992
1991	1989
1991	1993
1992	1991
1992	1990
1992	1994
1992	1411
1993	1994
1993	1991
1993	1995
1994	1993
1994	1995
1994	1992
1994	1778
1995	1994
1995	1993
1995	1997
1995	778
1996	1997
1996	1300
1997	1996
1997	1998
1997	1995
1997	1999
1998	1997
1998	1999
1998	1435
1999	1998
1999	0
1999	1997
1999	1
1999	185
1999	1237
