0	1
0	2499
0	2
0	2498
1	0
1	2
1	3
1	2499
2	1
2	0
2	4
2	1300
2	443
3	4
3	1
3	5
4	3
4	5
4	2
4	6
4	2444
5	4
5	6
5	3
5	982
5	1766
6	5
6	7
6	4
6	321
7	6
7	9
7	693
8	9
8	1167
8	1224
8	1910
9	8
9	10
9	7
9	11
10	9
10	11
10	12
10	1169
11	10
11	12
11	9
11	13
12	11
12	13
12	10
12	14
12	1020
12	1639
13	12
13	14
13	11
13	15
14	13
14	15
14	12
14	2393
15	14
15	13
15	17
15	1392
16	17
16	18
16	1042
17	16
17	18
17	15
17	19
18	17
18	19
18	16
18	323
18	618
19	18
19	20
19	17
19	21
20	19
20	21
20	22
20	65
21	20
21	19
21	23
21	304
22	23
22	20
22	1707
23	22
23	24
23	21
23	986
24	23
24	25
24	26
25	24
25	26
25	27
26	25
26	27
26	24
26	28
26	729
26	1479
27	26
27	25
27	29
27	2171
28	29
28	26
28	30
28	128
29	28
29	30
29	27
29	31
30	29
30	31
30	28
30	227
31	30
31	29
31	33
31	1959
31	1497
32	33
32	34
33	32
33	34
33	31
33	35
34	33
34	32
34	2437
34	2031
35	36
35	33
35	37
36	35
36	37
36	38
37	36
37	38
37	35
37	2158
38	37
38	39
38	36
38	40
39	38
39	40
39	740
39	1980
40	39
40	41
40	38
40	698
40	891
41	40
41	42
41	43
41	1162
42	41
42	43
42	44
43	42
43	44
43	41
43	1949
43	1834
43	393
44	43
44	45
44	42
44	46
45	44
45	46
45	47
46	45
46	47
46	44
46	48
47	46
47	48
47	45
47	1268
48	47
48	49
48	46
48	1691
49	48
49	50
49	51
49	1387
50	49
50	51
50	52
51	50
51	49
51	772
51	714
51	369
52	50
52	54
52	538
52	1188
52	969
52	2240
53	55
53	956
53	724
54	55
54	52
54	56
55	54
55	56
55	53
55	57
56	55
56	54
56	995
56	1765
57	55
57	59
57	1063
57	2198
58	59
58	2214
59	58
59	60
59	57
59	61
59	1178
60	59
60	61
60	62
61	60
61	62
61	59
61	63
61	1805
62	61
62	60
62	241
62	599
62	2245
63	64
63	61
63	292
64	63
64	65
64	66
65	64
65	67
65	20
66	64
66	1203
66	913
67	68
67	65
67	2390
67	1056
68	67
68	69
68	70
69	68
69	70
69	71
69	584
70	69
70	71
70	68
70	72
71	70
71	72
71	69
71	73
72	71
72	73
72	70
72	550
72	1285
72	418
73	72
73	74
73	71
73	75
74	73
74	75
74	76
75	74
75	73
75	77
75	494
76	77
76	74
76	78
77	76
77	75
77	1142
77	1765
77	1754
77	2402
78	79
78	76
78	80
79	78
79	81
79	633
80	81
80	78
80	82
80	1079
81	80
81	79
81	1219
81	316
82	83
82	80
82	84
83	82
83	84
83	85
83	1615
84	83
84	82
84	86
84	2058
85	86
85	83
85	291
85	1741
86	85
86	87
86	84
86	88
87	86
87	88
87	89
88	87
88	86
88	90
88	880
88	1086
89	90
89	87
89	91
90	89
90	91
90	88
90	2273
90	2310
91	90
91	92
91	89
91	93
92	91
92	93
92	94
93	92
93	94
93	91
93	815
94	93
94	92
94	96
94	999
95	96
95	97
95	326
96	95
96	97
96	94
96	98
96	132
97	96
97	98
97	95
97	99
97	1234
98	97
98	99
98	96
98	100
99	98
99	100
99	97
99	164
99	2245
100	99
100	101
100	98
100	102
100	1324
101	100
101	102
101	103
102	101
102	100
102	104
102	1263
103	104
103	101
103	105
103	298
104	103
104	102
104	106
104	2001
104	1473
105	103
105	107
105	2167
106	107
106	104
106	108
107	106
107	108
107	105
107	109
107	2362
108	107
108	109
108	106
108	110
108	168
109	108
109	110
109	107
109	111
110	109
110	111
110	108
110	1981
111	110
111	112
111	109
111	113
111	1892
112	111
112	113
112	2066
113	112
113	114
113	111
113	115
113	226
114	113
114	115
114	116
115	114
115	116
115	113
115	117
115	1534
116	115
116	117
116	114
116	2057
117	116
117	115
117	119
117	2395
118	119
118	183
119	118
119	120
119	117
119	121
119	306
119	1121
119	351
120	119
120	121
120	1917
120	2154
121	120
121	122
121	119
121	123
122	121
122	123
122	124
123	122
123	124
123	121
123	1470
123	1786
124	123
124	125
124	122
124	126
125	124
125	126
125	127
125	892
126	125
126	124
126	128
126	2139
127	125
127	1114
127	2474
128	126
128	130
128	28
129	130
129	131
130	129
130	131
130	128
130	132
130	357
130	2181
131	130
131	132
131	129
131	2220
131	1503
132	131
132	133
132	130
132	96
133	132
133	134
133	135
134	133
134	2066
134	2491
135	136
135	133
135	137
135	1105
135	2012
135	2356
136	135
136	138
136	1478
136	2324
137	138
137	135
137	139
138	137
138	139
138	136
138	140
138	395
139	138
139	137
139	141
139	687
140	138
140	142
140	288
141	142
141	139
141	143
141	1537
142	141
142	143
142	140
142	144
142	1817
142	2321
143	142
143	141
143	145
143	190
144	142
144	146
144	431
145	146
145	143
145	147
146	145
146	147
146	144
146	148
147	146
147	148
147	145
147	149
148	147
148	149
148	146
148	150
149	148
149	150
149	147
149	151
149	1177
150	149
150	151
150	148
150	152
150	589
151	150
151	152
151	149
151	153
152	151
152	153
152	150
152	1819
153	152
153	151
153	155
153	1711
154	155
154	156
155	154
155	156
155	153
155	157
155	223
155	434
156	155
156	157
156	154
156	158
157	156
157	155
157	1284
157	230
157	2331
158	159
158	156
158	160
159	158
159	160
159	161
160	159
160	158
160	162
160	194
161	162
161	159
161	163
162	161
162	163
162	160
162	164
163	162
163	164
163	161
163	165
164	163
164	162
164	166
164	99
165	163
165	167
165	536
165	1461
166	167
166	164
166	168
167	166
167	168
167	165
167	169
168	167
168	166
168	1712
168	108
169	167
169	171
169	628
170	171
170	172
171	170
171	172
171	169
171	173
171	366
172	171
172	173
172	170
172	174
173	172
173	174
173	171
173	1423
174	173
174	175
174	172
174	176
175	174
175	177
175	1395
176	177
176	174
176	178
177	176
177	178
177	175
177	179
177	704
178	177
178	179
178	176
178	180
178	2236
179	178
179	177
179	181
179	2490
180	181
180	178
180	182
181	180
181	182
181	179
181	183
181	410
182	181
182	183
182	180
182	184
182	1568
183	182
183	184
183	181
183	185
183	118
184	183
184	185
184	182
184	186
185	184
185	183
185	187
185	204
186	187
186	184
186	188
187	186
187	185
187	189
187	1484
188	189
188	186
188	190
188	253
189	188
189	190
189	187
189	191
189	286
190	189
190	188
190	192
190	143
190	797
191	192
191	189
191	952
192	191
192	193
192	190
192	194
193	192
193	194
193	1971
194	193
194	195
194	192
194	196
194	160
194	533
194	292
195	194
195	196
195	197
195	2204
196	195
196	197
196	194
196	198
196	538
197	196
197	198
197	195
197	2308
198	197
198	199
198	196
198	200
199	198
199	945
199	834
200	201
200	198
200	202
201	200
201	202
201	203
201	2390
202	201
202	200
202	204
202	1595
203	204
203	201
203	205
204	203
204	205
204	202
204	206
204	185
205	204
205	206
205	203
205	207
206	205
206	207
206	204
206	208
207	206
207	208
207	205
207	209
208	207
208	209
208	206
208	210
209	208
209	210
209	207
209	211
209	1050
210	209
210	211
210	208
210	212
210	1143
210	983
211	210
211	212
211	209
211	2218
211	1612
212	211
212	213
212	210
212	1019
213	212
213	214
213	215
214	213
214	215
214	216
214	1070
215	214
215	213
215	217
215	1169
216	217
216	214
216	218
217	216
217	218
217	215
217	219
218	217
218	219
218	216
218	220
219	218
219	220
219	217
219	221
220	219
220	221
220	218
220	222
221	220
221	222
221	219
221	223
222	221
222	223
222	220
222	224
223	222
223	221
223	225
223	155
224	225
224	222
224	226
224	751
225	224
225	226
225	223
225	227
225	1323
226	225
226	227
226	224
226	113
227	226
227	228
227	225
227	229
227	30
228	227
228	229
228	1853
228	1401
229	228
229	230
229	227
229	616
230	229
230	232
230	157
230	1972
230	608
230	2229
231	233
231	412
231	417
232	233
232	230
232	1885
232	313
232	392
233	232
233	234
233	231
233	235
233	1730
234	233
234	1800
234	2147
234	2448
235	233
235	237
235	2104
236	238
236	1262
237	238
237	235
237	2048
237	2254
238	237
238	239
238	236
238	1402
239	238
239	240
239	241
240	239
240	241
240	242
241	240
241	242
241	239
241	243
241	62
241	287
242	241
242	243
242	240
242	244
243	242
243	244
243	241
243	1994
243	2304
244	243
244	245
244	242
244	246
245	244
245	246
245	1800
246	245
246	244
246	248
246	1691
247	248
247	249
248	247
248	249
248	246
248	250
248	1631
248	2150
249	248
249	250
249	247
249	251
249	803
250	249
250	251
250	248
250	1134
251	250
251	252
251	249
251	903
252	251
252	253
252	254
253	252
253	254
253	188
254	253
254	252
254	256
254	1023
255	2355
255	1927
256	257
256	254
256	258
256	446
257	256
257	258
257	259
258	257
258	259
258	256
258	260
258	332
258	969
258	925
259	258
259	260
259	257
259	261
259	1197
260	259
260	258
260	262
260	960
261	262
261	259
261	263
261	877
261	2478
262	261
262	263
262	260
262	264
263	262
263	261
263	265
263	1480
263	1624
264	265
264	262
264	1303
265	264
265	263
265	267
265	1187
266	1139
266	1327
267	268
267	265
267	269
267	799
267	447
268	267
268	269
268	286
269	268
269	270
269	267
269	271
270	269
270	272
270	287
271	272
271	269
271	273
272	271
272	273
272	270
272	274
272	1808
273	272
273	274
273	271
273	275
274	273
274	275
274	272
274	1803
275	274
275	276
275	273
275	277
276	275
276	277
276	278
276	831
276	1682
277	276
277	275
277	279
277	891
278	279
278	276
278	280
279	278
279	280
279	277
279	281
280	279
280	281
280	278
280	605
280	765
281	280
281	282
281	279
281	283
282	281
282	283
282	354
283	282
283	284
283	281
283	285
284	283
284	285
284	286
285	284
285	286
285	283
285	287
286	285
286	287
286	284
286	268
286	189
287	286
287	288
287	285
287	270
287	241
288	287
288	289
288	290
288	140
289	288
289	290
289	291
289	2226
289	2432
290	289
290	291
290	288
290	292
291	290
291	289
291	1379
291	85
291	1194
292	293
292	290
292	63
292	194
293	292
293	294
293	295
294	293
294	295
294	296
294	1778
295	294
295	296
295	293
295	297
296	295
296	297
296	294
296	298
297	296
297	298
297	295
297	299
298	297
298	299
298	296
298	1896
298	103
299	298
299	300
299	297
299	301
300	299
300	302
300	1160
301	299
301	303
301	1072
302	300
302	304
302	968
303	304
303	301
303	2368
303	309
304	303
304	305
304	302
304	306
304	21
304	1773
305	304
305	306
305	1296
305	1034
306	305
306	304
306	308
306	119
306	525
307	308
307	309
308	307
308	309
308	306
308	310
309	308
309	310
309	307
309	303
310	309
310	311
310	308
310	312
310	512
311	310
311	313
311	1189
312	313
312	310
312	314
313	312
313	314
313	311
313	315
313	232
314	313
314	315
314	312
314	316
314	1136
315	314
315	313
315	317
315	941
316	317
316	314
316	318
316	81
317	316
317	318
317	315
317	319
318	317
318	319
318	316
318	320
319	318
319	320
319	317
319	2290
320	319
320	321
320	318
320	2345
320	2410
321	320
321	322
321	323
321	6
322	321
322	323
322	324
323	322
323	324
323	321
323	325
323	18
324	323
324	325
324	322
324	326
325	324
325	326
325	323
325	327
325	1470
326	325
326	327
326	324
326	95
327	326
327	328
327	325
327	465
328	327
328	329
328	1768
329	328
329	331
329	637
330	331
330	332
331	330
331	332
331	329
331	333
332	331
332	330
332	334
332	258
333	334
333	331
333	1684
333	630
334	333
334	335
334	332
334	1565
334	1784
335	334
335	336
335	337
336	335
336	337
336	338
337	336
337	338
337	335
337	339
338	337
338	339
338	336
338	340
339	338
339	340
339	337
339	341
340	339
340	341
340	338
340	342
341	340
341	342
341	339
341	343
342	341
342	343
342	340
342	344
343	342
343	344
343	341
343	897
343	1610
344	343
344	345
344	342
344	346
345	344
345	346
345	347
346	345
346	347
346	344
346	348
346	2082
347	346
347	348
347	345
347	349
347	748
348	347
348	349
348	346
348	350
349	348
349	350
349	347
349	2295
350	349
350	351
350	348
350	813
351	350
351	352
351	578
351	119
352	351
352	353
352	354
352	924
353	352
353	354
353	1886
354	353
354	355
354	352
354	356
354	282
355	354
355	356
355	357
356	355
356	354
356	431
356	1064
357	355
357	359
357	130
358	359
358	360
359	358
359	357
359	361
359	1690
360	361
360	358
360	362
360	997
361	360
361	359
361	363
361	963
362	360
362	364
362	443
363	364
363	361
363	365
364	363
364	365
364	362
364	1513
365	364
365	366
365	363
365	367
366	365
366	171
366	1374
367	368
367	365
367	369
367	1159
368	367
368	369
368	370
369	368
369	370
369	367
369	51
370	369
370	371
370	368
370	372
371	370
371	372
371	373
371	745
371	1127
372	371
372	373
372	370
372	374
373	372
373	374
373	371
373	375
373	1538
373	1561
374	373
374	375
374	372
374	2193
375	374
375	376
375	373
375	1681
376	375
376	377
376	2444
377	376
377	378
377	1255
378	377
378	379
378	380
379	378
379	380
379	381
380	379
380	381
380	378
380	879
381	380
381	382
381	379
381	383
382	381
382	383
382	384
383	382
383	384
383	381
383	385
383	1415
384	383
384	385
384	382
384	386
385	384
385	383
385	387
385	1513
385	1297
386	387
386	384
386	388
387	386
387	388
387	385
387	389
388	387
388	389
388	386
388	390
389	388
389	390
389	387
389	391
389	1718
390	389
390	391
390	388
390	392
390	1750
391	390
391	389
391	393
391	2224
392	393
392	390
392	232
392	2173
393	392
393	394
393	391
393	43
394	393
394	2200
394	2066
394	1716
395	396
395	138
396	395
396	397
396	398
397	396
397	398
397	785
398	397
398	399
398	396
398	400
398	987
399	398
399	400
399	401
400	399
400	401
400	398
400	402
400	1382
401	400
401	402
401	399
401	403
402	401
402	403
402	400
402	404
403	402
403	404
403	401
403	405
403	1627
404	403
404	405
404	402
404	1212
405	404
405	403
405	407
405	1496
405	1737
406	407
406	408
407	406
407	408
407	405
407	578
408	407
408	409
408	406
408	410
408	511
408	819
409	408
409	410
409	411
410	409
410	408
410	412
410	181
411	412
411	409
411	413
412	411
412	413
412	410
412	414
412	231
413	412
413	414
413	411
413	415
414	413
414	415
414	412
414	416
415	414
415	416
415	413
415	417
415	1769
416	415
416	417
416	414
416	418
417	416
417	418
417	415
417	231
417	2078
418	417
418	419
418	416
418	72
419	418
419	420
419	421
420	419
420	421
420	422
421	420
421	422
421	419
421	423
422	421
422	423
422	420
422	424
422	1780
423	422
423	424
423	421
423	425
424	423
424	425
424	422
424	426
424	691
425	424
425	426
425	423
425	427
426	425
426	424
426	428
426	2456
427	428
427	425
427	429
428	427
428	429
428	426
428	430
429	428
429	430
429	427
429	431
430	429
430	428
430	432
430	1219
431	432
431	429
431	433
431	144
431	356
432	431
432	433
432	430
432	434
432	2438
433	432
433	434
433	431
433	435
433	1292
434	433
434	435
434	432
434	155
435	434
435	436
435	433
435	898
435	935
435	1145
436	435
436	437
436	438
437	436
437	438
437	439
437	630
438	437
438	439
438	436
438	440
438	636
439	438
439	440
439	437
439	441
440	439
440	441
440	438
440	484
441	440
441	439
441	443
441	1477
441	1184
442	443
442	444
443	442
443	444
443	441
443	362
443	1336
443	2
444	443
444	445
444	442
444	446
444	820
444	2146
445	444
445	446
445	447
445	2282
446	445
446	444
446	448
446	256
447	448
447	445
447	267
448	447
448	449
448	446
448	450
449	448
449	450
449	451
450	449
450	451
450	448
450	452
451	450
451	452
451	449
451	453
452	451
452	453
452	450
452	729
453	452
453	454
453	451
453	455
454	453
454	456
454	999
454	840
455	456
455	453
455	457
456	455
456	457
456	454
456	458
457	456
457	458
457	455
457	1170
458	457
458	459
458	456
458	460
459	458
459	460
459	461
460	459
460	461
460	458
460	462
461	460
461	459
461	463
461	1683
462	463
462	460
462	464
463	462
463	461
463	465
463	2111
463	2467
464	465
464	462
464	466
465	464
465	466
465	463
465	467
465	327
466	465
466	467
466	464
466	468
467	466
467	468
467	465
467	469
468	467
468	469
468	466
468	470
469	468
469	470
469	467
469	471
470	469
470	468
470	472
470	546
471	472
471	469
471	473
472	471
472	473
472	470
472	474
473	472
473	474
473	471
473	475
473	1888
474	473
474	475
474	472
474	476
474	1634
474	2269
475	474
475	476
475	473
475	1607
476	475
476	477
476	474
476	478
477	476
477	478
477	479
478	477
478	479
478	476
478	480
478	2001
478	2157
478	2448
479	478
479	480
479	477
479	481
480	479
480	481
480	478
480	482
481	480
481	482
481	479
481	483
481	2312
481	2458
482	481
482	483
482	480
482	484
482	1583
483	482
483	484
483	481
483	485
484	483
484	485
484	482
484	486
484	440
485	484
485	486
485	483
485	487
486	485
486	487
486	484
486	762
487	486
487	488
487	485
487	489
488	487
488	489
488	490
489	488
489	490
489	487
489	491
490	489
490	488
490	492
490	873
490	1939
491	492
491	489
491	493
491	894
492	491
492	493
492	490
492	494
493	492
493	491
493	495
493	2304
494	495
494	492
494	496
494	75
495	494
495	496
495	493
495	497
496	495
496	497
496	494
496	498
497	496
497	498
497	495
497	499
498	497
498	499
498	496
498	2375
499	498
499	500
499	497
499	501
500	499
500	501
500	502
501	500
501	502
501	499
501	1743
502	501
502	503
502	500
502	504
503	502
503	504
503	505
504	503
504	505
504	502
504	506
504	2181
505	504
505	506
505	503
505	507
506	505
506	507
506	504
506	508
506	1354
507	506
507	505
507	509
507	1844
507	2296
508	509
508	506
508	510
509	508
509	510
509	507
509	511
510	509
510	511
510	508
510	1939
511	510
511	509
511	408
511	2282
512	514
512	310
512	659
513	514
513	515
514	513
514	515
514	512
514	516
515	514
515	516
515	513
515	517
516	515
516	517
516	514
516	1448
516	721
517	516
517	518
517	515
517	519
518	517
518	519
518	520
518	2284
519	518
519	520
519	517
519	521
520	519
520	521
520	518
520	522
520	902
521	520
521	522
521	519
521	523
522	521
522	523
522	520
522	524
523	522
523	521
523	961
523	781
524	525
524	522
524	526
524	1659
525	524
525	527
525	306
526	527
526	524
526	1692
526	1107
526	861
527	526
527	528
527	525
527	2214
528	527
528	529
528	530
529	528
529	530
529	531
530	529
530	531
530	528
530	1558
531	530
531	532
531	529
531	533
532	531
532	533
532	534
532	1326
533	532
533	531
533	194
533	1644
534	535
534	532
534	536
534	1398
535	534
535	536
535	537
536	535
536	537
536	534
536	538
536	165
537	536
537	535
537	539
537	1674
537	1877
538	539
538	536
538	52
538	196
539	538
539	540
539	537
539	541
540	539
540	541
540	760
541	540
541	542
541	539
541	543
542	541
542	543
542	544
543	542
543	541
543	545
543	1661
544	545
544	542
544	546
545	544
545	546
545	543
545	875
545	831
546	545
546	547
546	544
546	548
546	470
546	1980
546	999
546	2268
547	546
547	548
547	549
548	547
548	549
548	546
548	2068
548	1641
549	548
549	550
549	547
549	551
550	549
550	552
550	72
550	2413
551	552
551	549
551	553
552	551
552	553
552	550
552	554
553	552
553	554
553	551
553	555
554	553
554	555
554	552
554	556
554	1646
555	554
555	556
555	553
555	557
556	555
556	557
556	554
556	2120
557	556
557	555
557	559
557	1290
557	1416
558	559
558	2299
559	558
559	560
559	557
559	561
560	559
560	561
560	562
560	860
561	560
561	562
561	559
561	563
561	2164
562	561
562	563
562	560
562	564
563	562
563	564
563	561
563	565
563	2425
564	563
564	565
564	562
564	1244
565	564
565	566
565	563
565	567
566	565
566	567
566	568
567	566
567	568
567	565
567	569
568	567
568	569
568	566
568	2161
569	568
569	570
569	567
569	571
570	569
570	571
570	572
571	570
571	572
571	569
571	573
572	571
572	573
572	570
572	574
572	1815
573	572
573	574
573	571
573	1808
574	573
574	575
574	572
574	576
575	574
575	576
575	577
576	575
576	577
576	574
576	578
576	766
577	576
577	575
577	579
577	864
578	576
578	580
578	351
578	407
578	1130
579	580
579	577
579	889
579	2159
580	579
580	581
580	578
580	582
581	580
581	582
581	583
581	1061
581	2070
582	581
582	583
582	580
582	584
583	582
583	584
583	581
583	585
584	583
584	582
584	586
584	69
585	583
585	587
585	1483
586	587
586	584
586	588
587	586
587	585
587	589
587	1036
587	2423
588	589
588	586
588	590
589	588
589	590
589	587
589	150
590	589
590	591
590	588
590	592
590	1674
591	590
591	592
591	593
592	591
592	590
592	594
592	1720
593	594
593	591
593	595
593	1096
594	593
594	595
594	592
594	596
595	594
595	593
595	597
595	611
596	597
596	594
596	598
597	596
597	595
597	599
597	1759
598	599
598	596
598	600
599	598
599	597
599	601
599	62
600	601
600	598
600	602
601	600
601	602
601	599
601	603
602	601
602	603
602	600
602	2238
602	1941
603	602
603	604
603	601
603	605
604	603
604	2107
604	2444
605	606
605	603
605	607
605	280
606	605
606	607
606	1973
607	606
607	608
607	605
607	609
608	607
608	609
608	230
609	608
609	610
609	607
609	611
610	609
610	612
610	2109
611	612
611	609
611	595
611	821
612	611
612	613
612	610
612	614
613	612
613	1456
613	2295
614	615
614	612
614	616
615	614
615	617
615	1170
616	617
616	614
616	618
616	229
617	616
617	618
617	615
617	619
617	1928
618	617
618	616
618	1799
618	1713
618	18
619	620
619	617
619	621
620	619
620	621
620	622
621	620
621	622
621	619
621	623
622	621
622	623
622	620
622	624
623	622
623	624
623	621
623	873
624	623
624	625
624	622
624	626
625	624
625	626
625	627
626	625
626	627
626	624
626	628
627	626
627	628
627	625
627	629
627	1164
628	627
628	629
628	626
628	630
628	169
629	628
629	630
629	627
629	2192
630	629
630	628
630	437
630	333
631	632
631	633
632	631
632	633
632	634
633	632
633	634
633	631
633	635
633	79
634	633
634	635
634	632
634	636
635	634
635	636
635	633
635	637
636	635
636	634
636	638
636	438
637	638
637	635
637	329
637	1379
638	637
638	639
638	636
638	640
639	638
639	640
639	641
639	1021
640	639
640	638
640	642
640	1371
641	642
641	639
641	643
642	641
642	640
642	867
642	1576
643	644
643	641
643	645
644	643
644	645
644	646
644	852
645	644
645	646
645	643
645	647
645	1744
646	645
646	647
646	644
646	648
647	646
647	645
647	649
647	1837
648	649
648	646
648	1102
649	648
649	650
649	647
649	1104
649	2201
650	649
650	651
650	652
651	650
651	652
651	653
652	651
652	653
652	650
652	654
653	652
653	654
653	651
653	655
654	653
654	655
654	652
654	656
655	654
655	656
655	653
655	657
656	655
656	657
656	654
656	658
656	1000
657	656
657	658
657	655
657	659
658	657
658	659
658	656
658	2474
659	658
659	660
659	657
659	512
660	659
660	661
660	662
661	660
661	662
661	663
662	661
662	663
662	660
662	664
663	662
663	664
663	661
663	1756
664	663
664	665
664	662
664	666
665	664
665	666
665	667
665	1707
665	1736
666	665
666	667
666	664
666	1610
666	1367
667	666
667	668
667	665
667	669
667	2363
668	667
668	669
668	670
669	668
669	670
669	667
669	671
670	669
670	671
670	668
670	672
670	791
671	670
671	672
671	669
671	1327
672	671
672	673
672	670
672	674
673	672
673	674
673	675
673	1900
674	673
674	675
674	672
674	676
675	674
675	676
675	673
675	677
676	675
676	677
676	674
676	1011
677	676
677	678
677	675
677	679
678	677
678	679
678	680
678	2190
679	678
679	680
679	677
679	681
680	679
680	681
680	678
680	682
681	680
681	682
681	679
681	683
681	2427
682	681
682	683
682	680
682	1035
683	682
683	684
683	681
683	1214
684	683
684	685
684	686
685	684
685	686
685	687
686	685
686	687
686	684
686	688
687	686
687	688
687	685
687	689
687	139
688	687
688	689
688	686
688	845
689	688
689	690
689	687
689	691
690	689
690	691
690	692
691	690
691	689
691	424
691	2025
692	693
692	690
692	694
693	692
693	694
693	695
693	7
694	693
694	695
694	692
694	696
694	1539
695	694
695	696
695	693
695	697
695	1755
696	695
696	697
696	694
696	698
697	696
697	698
697	695
697	963
698	697
698	699
698	696
698	700
698	40
699	698
699	700
699	701
700	699
700	701
700	698
700	702
701	700
701	702
701	699
701	703
702	701
702	703
702	700
702	704
702	1673
703	702
703	704
703	701
703	1071
704	703
704	705
704	702
704	177
705	704
705	707
705	1359
706	707
706	708
706	1195
707	706
707	708
707	705
707	885
708	707
708	706
708	710
708	2052
709	710
709	1235
710	709
710	711
710	708
710	712
711	710
711	712
711	713
712	711
712	713
712	710
712	714
713	712
713	714
713	711
713	715
713	757
714	713
714	715
714	712
714	716
714	51
715	714
715	713
715	717
715	2122
716	717
716	714
716	718
717	716
717	718
717	715
717	2022
718	717
718	719
718	716
718	720
719	718
719	720
719	721
720	719
720	721
720	718
720	722
721	720
721	722
721	719
721	516
722	721
722	723
722	720
722	724
723	722
723	724
723	725
724	723
724	722
724	726
724	53
725	726
725	723
725	727
726	725
726	727
726	724
726	728
726	1715
727	726
727	728
727	725
727	1369
728	727
728	729
728	726
728	730
728	2409
729	728
729	731
729	26
729	452
730	731
730	728
730	732
731	730
731	729
731	1890
731	1814
732	733
732	730
732	734
733	732
733	734
733	735
734	733
734	735
734	732
734	736
735	734
735	733
735	737
735	836
736	734
736	738
736	905
737	735
737	739
737	1656
737	1370
738	739
738	736
738	740
739	738
739	737
739	1589
739	2423
740	741
740	738
740	742
740	769
740	39
741	740
741	742
741	743
741	825
742	741
742	743
742	740
742	744
743	742
743	744
743	741
743	745
744	743
744	745
744	742
744	746
745	744
745	743
745	747
745	371
746	747
746	744
746	748
747	746
747	748
747	745
747	749
748	747
748	746
748	750
748	347
749	750
749	747
749	1314
750	749
750	751
750	748
750	752
751	750
751	1426
751	224
752	753
752	750
752	754
752	1373
753	752
753	755
753	2090
754	755
754	752
754	756
755	754
755	753
755	757
755	2338
755	2123
756	757
756	754
756	758
757	756
757	758
757	755
757	1596
757	713
758	757
758	759
758	756
758	760
759	758
759	761
759	1454
760	761
760	758
760	762
760	540
761	760
761	762
761	759
761	763
762	761
762	760
762	764
762	2068
762	486
763	761
763	765
763	2151
763	1871
763	1585
764	765
764	762
764	766
764	2377
765	764
765	763
765	1394
765	280
766	764
766	768
766	576
767	768
767	769
767	1406
768	767
768	769
768	766
768	770
769	768
769	767
769	771
769	740
770	771
770	768
770	772
771	770
771	772
771	769
771	773
771	1726
772	771
772	773
772	770
772	774
772	51
772	1946
773	772
773	774
773	771
773	775
774	773
774	772
774	776
774	2192
774	1230
775	776
775	773
775	1557
776	775
776	777
776	774
776	778
777	776
777	778
777	779
777	1709
778	777
778	779
778	776
778	780
778	1593
779	778
779	780
779	777
779	1516
780	779
780	781
780	778
780	782
781	780
781	782
781	783
781	523
782	781
782	783
782	780
782	784
782	1227
783	782
783	781
783	785
783	803
783	1988
784	785
784	782
784	786
785	784
785	786
785	783
785	787
785	2031
785	2142
785	397
786	785
786	787
786	784
786	788
787	786
787	788
787	785
787	2449
788	787
788	789
788	786
788	790
789	788
789	790
789	791
790	789
790	791
790	788
790	792
791	790
791	789
791	793
791	670
791	2328
792	793
792	790
792	1700
793	792
793	794
793	791
793	795
793	2114
794	793
794	795
794	796
795	794
795	796
795	793
795	797
796	795
796	794
796	798
796	1406
796	1010
797	798
797	795
797	799
797	190
797	2330
798	797
798	799
798	796
798	800
799	798
799	797
799	267
799	1652
799	1782
799	1967
800	801
800	798
800	802
801	800
801	802
801	803
802	801
802	800
802	804
802	2120
802	2075
803	801
803	805
803	783
803	249
803	1146
804	805
804	802
804	806
805	804
805	806
805	803
805	1147
805	1433
806	805
806	807
806	804
806	1362
806	1625
807	806
807	808
807	809
808	807
808	809
808	810
809	808
809	810
809	807
809	2152
810	809
810	808
810	812
810	2067
811	812
811	813
812	811
812	813
812	810
812	814
813	812
813	814
813	811
813	815
813	350
814	813
814	815
814	812
814	816
814	1906
815	814
815	816
815	813
815	817
815	93
816	815
816	817
816	814
816	1220
816	2033
817	816
817	818
817	815
817	819
818	817
818	820
818	1264
819	820
819	817
819	408
820	819
820	818
820	822
820	444
821	822
821	823
821	611
822	821
822	823
822	820
822	824
823	822
823	824
823	821
823	825
823	1656
824	823
824	825
824	822
824	826
825	824
825	826
825	823
825	1519
825	741
825	2199
826	825
826	827
826	824
826	828
827	826
827	828
827	829
827	2223
828	827
828	829
828	826
828	830
829	828
829	830
829	827
829	831
830	829
830	831
830	828
830	832
831	830
831	829
831	833
831	276
831	545
831	1870
832	833
832	830
832	834
833	832
833	831
833	835
833	1899
833	1154
834	835
834	832
834	836
834	199
835	834
835	836
835	833
835	837
836	835
836	837
836	834
836	838
836	735
837	836
837	838
837	835
837	1074
838	837
838	839
838	836
838	840
839	838
839	840
839	841
840	839
840	841
840	838
840	454
841	840
841	842
841	839
841	843
842	841
842	843
842	844
843	842
843	844
843	841
843	845
843	2214
844	843
844	845
844	842
844	846
845	844
845	846
845	843
845	847
845	688
846	845
846	847
846	844
846	848
847	846
847	848
847	845
847	849
848	847
848	849
848	846
848	850
849	848
849	850
849	847
849	851
850	849
850	851
850	848
850	852
851	850
851	852
851	849
851	853
851	1654
852	851
852	853
852	850
852	644
853	852
853	854
853	851
853	855
854	853
854	855
854	856
855	854
855	856
855	853
855	1387
856	855
856	857
856	854
856	858
857	856
857	858
857	859
858	857
858	856
858	860
858	2467
859	860
859	857
859	1282
859	2339
860	859
860	861
860	858
860	984
860	560
861	860
861	900
861	1425
861	526
862	863
862	1810
863	862
863	864
863	1995
864	863
864	865
864	866
864	577
865	864
865	867
865	1688
865	1100
866	867
866	864
866	868
867	866
867	868
867	865
867	869
867	642
867	1468
868	867
868	869
868	866
868	870
869	868
869	870
869	867
869	871
870	869
870	868
870	872
870	1346
871	872
871	869
871	873
871	1134
872	871
872	873
872	870
872	874
873	872
873	874
873	871
873	875
873	490
873	1533
873	623
874	873
874	875
874	872
874	876
875	874
875	873
875	545
875	2362
876	877
876	874
876	1449
877	876
877	879
877	261
877	2447
878	879
878	1280
878	970
879	878
879	877
879	881
879	1257
879	380
880	882
880	88
880	2160
880	2117
881	882
881	879
881	883
882	881
882	883
882	880
882	884
882	2485
883	882
883	884
883	881
883	900
883	2022
884	883
884	885
884	882
884	886
884	1560
885	884
885	886
885	887
885	707
886	885
886	887
886	884
886	888
887	886
887	888
887	885
887	889
887	1806
888	887
888	889
888	886
888	890
889	888
889	887
889	891
889	1035
889	579
890	891
890	888
890	2414
891	890
891	892
891	889
891	277
891	40
892	891
892	894
892	125
893	894
893	895
893	1217
894	893
894	892
894	491
894	1266
895	896
895	893
895	897
896	895
896	897
896	898
897	896
897	898
897	895
897	899
897	343
898	897
898	896
898	900
898	435
899	897
899	901
899	1388
899	999
900	901
900	898
900	902
900	861
900	883
901	900
901	902
901	899
901	903
902	901
902	903
902	900
902	520
903	902
903	901
903	905
903	2208
903	251
904	905
904	906
904	1356
904	1473
905	904
905	906
905	903
905	907
905	736
906	905
906	907
906	904
906	908
907	906
907	908
907	905
907	909
907	1847
908	907
908	909
908	906
908	910
909	908
909	910
909	907
909	911
910	909
910	911
910	908
910	912
911	910
911	912
911	909
911	913
912	911
912	913
912	910
912	914
913	912
913	911
913	915
913	1504
913	66
914	915
914	912
914	916
914	2233
915	914
915	916
915	913
915	917
916	915
916	914
916	918
916	2278
916	1917
917	918
917	915
917	919
918	917
918	916
918	920
918	1969
919	920
919	917
919	921
920	919
920	921
920	918
920	922
921	920
921	922
921	919
921	923
922	921
922	923
922	920
922	924
923	922
923	924
923	921
923	925
924	923
924	922
924	926
924	352
925	923
925	2386
925	258
926	924
926	928
926	1943
927	928
927	1270
928	927
928	929
928	926
928	930
929	928
929	930
929	931
930	929
930	931
930	928
930	932
930	2471
931	930
931	929
931	933
931	1384
932	933
932	930
932	934
933	932
933	934
933	931
933	935
934	933
934	935
934	932
934	936
934	972
934	2261
935	934
935	933
935	937
935	435
936	937
936	934
936	938
937	936
937	935
937	939
937	2496
938	939
938	936
938	940
939	938
939	940
939	937
939	941
940	939
940	941
940	938
940	942
941	940
941	939
941	943
941	315
941	1912
942	943
942	940
942	944
943	942
943	944
943	941
943	945
944	943
944	945
944	942
944	946
945	944
945	946
945	943
945	947
945	199
946	945
946	947
946	944
946	948
947	946
947	948
947	945
947	949
948	947
948	946
948	950
948	2066
949	950
949	947
949	951
950	949
950	951
950	948
950	952
950	1500
951	950
951	952
951	949
951	953
952	951
952	953
952	950
952	954
952	191
953	952
953	954
953	951
953	955
953	971
954	953
954	955
954	952
954	956
954	1112
955	954
955	953
955	957
955	2336
955	1321
956	957
956	954
956	958
956	53
956	1680
957	956
957	958
957	955
957	959
958	957
958	959
958	956
958	960
959	958
959	957
959	961
959	2050
960	961
960	958
960	962
960	260
960	2033
961	960
961	962
961	959
961	963
961	523
962	961
962	963
962	960
962	964
963	962
963	964
963	961
963	965
963	361
963	697
964	963
964	965
964	962
964	966
965	964
965	966
965	963
965	967
965	1688
966	965
966	967
966	964
966	968
967	966
967	965
967	969
967	2430
968	969
968	966
968	302
968	1149
968	1412
968	2333
969	968
969	967
969	258
969	52
970	971
970	878
970	1381
971	970
971	953
971	2425
972	974
972	934
973	974
973	1663
973	1074
974	973
974	975
974	972
974	976
975	974
975	976
975	977
975	2402
976	975
976	977
976	974
976	978
977	976
977	978
977	975
977	979
978	977
978	979
978	976
978	980
979	978
979	980
979	977
979	981
980	979
980	981
980	978
980	1788
981	980
981	982
981	979
981	2122
981	1408
982	981
982	984
982	1448
982	1726
982	5
983	984
983	210
984	983
984	982
984	986
984	860
984	2062
985	986
985	987
986	985
986	987
986	984
986	23
986	1396
987	986
987	985
987	989
987	398
987	1058
988	989
988	990
988	2394
989	988
989	990
989	987
989	991
990	989
990	991
990	988
990	992
990	1705
991	990
991	992
991	989
991	993
992	991
992	993
992	990
992	994
993	992
993	994
993	991
993	995
994	993
994	995
994	992
994	996
994	1736
994	2098
995	994
995	996
995	993
995	997
995	56
996	995
996	994
996	998
996	1999
997	998
997	995
997	360
998	997
998	999
998	996
998	1000
999	998
999	94
999	454
999	899
999	546
1000	998
1000	1002
1000	656
1001	1002
1001	1003
1002	1001
1002	1003
1002	1000
1002	1004
1002	1219
1003	1002
1003	1004
1003	1001
1003	1005
1004	1003
1004	1005
1004	1002
1004	1006
1005	1004
1005	1006
1005	1003
1005	1007
1006	1005
1006	1007
1006	1004
1006	1008
1007	1006
1007	1008
1007	1005
1007	1009
1008	1007
1008	1009
1008	1006
1008	1010
1009	1008
1009	1010
1009	1007
1009	1011
1010	1009
1010	1011
1010	1008
1010	796
1010	1093
1011	1010
1011	1012
1011	1009
1011	1013
1011	676
1012	1011
1012	1013
1012	1014
1013	1012
1013	1011
1013	1015
1013	2427
1013	2317
1014	1015
1014	1012
1014	1016
1015	1014
1015	1016
1015	1013
1015	1017
1016	1015
1016	1017
1016	1014
1016	1018
1017	1016
1017	1018
1017	1015
1017	1019
1018	1017
1018	1019
1018	1016
1018	1020
1019	1018
1019	1017
1019	2296
1019	212
1019	1689
1020	1021
1020	1018
1020	12
1021	1020
1021	1023
1021	639
1022	1023
1022	1024
1022	2174
1023	1022
1023	1024
1023	1021
1023	1025
1023	254
1024	1023
1024	1025
1024	1022
1024	1026
1024	1146
1025	1024
1025	1026
1025	1023
1025	1027
1026	1025
1026	1024
1026	1028
1026	2167
1027	1028
1027	1025
1027	1029
1028	1027
1028	1029
1028	1026
1028	1030
1029	1028
1029	1030
1029	1027
1029	1519
1030	1029
1030	1031
1030	1028
1030	1032
1031	1030
1031	1032
1031	1033
1032	1031
1032	1030
1032	1034
1032	1601
1033	1034
1033	1031
1033	1035
1034	1033
1034	1032
1034	1462
1034	305
1035	1036
1035	1033
1035	1037
1035	889
1035	682
1036	1035
1036	1037
1036	1038
1036	587
1037	1036
1037	1038
1037	1035
1037	2287
1037	1859
1038	1037
1038	1039
1038	1036
1038	1040
1039	1038
1039	1040
1039	1041
1040	1039
1040	1041
1040	1038
1040	1042
1041	1040
1041	1042
1041	1039
1041	1043
1042	1041
1042	1040
1042	1044
1042	16
1042	2045
1043	1044
1043	1041
1043	1045
1044	1043
1044	1045
1044	1042
1044	1046
1045	1044
1045	1046
1045	1043
1045	1047
1045	2079
1046	1045
1046	1047
1046	1044
1046	2086
1046	2064
1047	1046
1047	1048
1047	1045
1047	1049
1048	1047
1048	1049
1048	1050
1049	1048
1049	1047
1049	1051
1049	1103
1050	1048
1050	209
1050	1648
1050	1436
1051	1049
1051	1053
1051	2066
1052	1053
1052	1054
1052	2149
1053	1052
1053	1054
1053	1051
1053	1055
1054	1053
1054	1055
1054	1052
1054	1604
1055	1054
1055	1056
1055	1053
1055	1057
1056	1055
1056	1057
1056	67
1057	1056
1057	1058
1057	1055
1057	1415
1058	1057
1058	1060
1058	987
1059	1060
1059	1061
1060	1059
1060	1061
1060	1058
1060	1062
1061	1060
1061	1059
1061	581
1061	1249
1062	1063
1062	1060
1062	1064
1062	1562
1063	1062
1063	1064
1063	1065
1063	57
1064	1063
1064	1065
1064	1062
1064	1066
1064	356
1065	1064
1065	1066
1065	1063
1065	1067
1066	1065
1066	1067
1066	1064
1066	1068
1067	1066
1067	1068
1067	1065
1067	1069
1067	1577
1068	1067
1068	1069
1068	1066
1068	1070
1069	1068
1069	1070
1069	1067
1069	1071
1069	1376
1070	1069
1070	1068
1070	1072
1070	214
1071	1072
1071	1069
1071	1073
1071	703
1072	1071
1072	1073
1072	1070
1072	301
1072	1700
1073	1072
1073	1074
1073	1071
1073	2112
1074	1073
1074	1075
1074	1076
1074	837
1074	973
1074	1675
1074	1784
1075	1074
1075	1076
1075	1077
1075	1380
1075	2292
1076	1075
1076	1074
1076	1078
1076	1595
1077	1078
1077	1075
1077	1079
1078	1077
1078	1079
1078	1076
1078	1241
1078	1877
1079	1078
1079	1077
1079	1081
1079	80
1080	1081
1080	1082
1081	1080
1081	1082
1081	1079
1081	1083
1081	2444
1082	1081
1082	1083
1082	1080
1082	1084
1082	1698
1083	1082
1083	1081
1083	1085
1083	1392
1083	1761
1084	1085
1084	1082
1084	1086
1085	1084
1085	1086
1085	1083
1085	1087
1086	1085
1086	1084
1086	1088
1086	88
1087	1088
1087	1085
1087	1089
1088	1087
1088	1089
1088	1086
1088	1090
1089	1088
1089	1090
1089	1087
1089	1091
1090	1089
1090	1091
1090	1088
1090	1092
1091	1090
1091	1092
1091	1089
1091	2180
1092	1091
1092	1093
1092	1090
1092	1094
1092	1117
1093	1092
1093	1094
1093	1010
1094	1093
1094	1095
1094	1092
1094	1096
1095	1094
1095	1096
1095	1097
1096	1095
1096	1097
1096	1094
1096	593
1097	1096
1097	1098
1097	1095
1097	1099
1097	1731
1098	1097
1098	1099
1098	1100
1099	1098
1099	1100
1099	1097
1099	1101
1100	1099
1100	1098
1100	1102
1100	865
1100	1545
1101	1102
1101	1099
1101	1103
1101	2175
1102	1101
1102	1103
1102	1100
1102	1104
1102	648
1103	1102
1103	1104
1103	1101
1103	1049
1103	1731
1104	1103
1104	1105
1104	1102
1104	1106
1104	649
1105	1104
1105	1107
1105	135
1106	1107
1106	1104
1106	1108
1107	1106
1107	1108
1107	1105
1107	1109
1107	526
1108	1107
1108	1109
1108	1106
1108	1110
1109	1108
1109	1110
1109	1107
1109	1111
1110	1109
1110	1111
1110	1108
1110	1112
1111	1110
1111	1112
1111	1109
1111	1113
1112	1111
1112	1110
1112	1128
1112	954
1113	1114
1113	1111
1113	1115
1113	1548
1113	2093
1114	1113
1114	1115
1114	1116
1114	127
1115	1114
1115	1116
1115	1113
1115	1117
1116	1115
1116	1117
1116	1114
1116	1715
1117	1116
1117	1115
1117	1119
1117	1092
1118	1119
1118	1120
1119	1118
1119	1117
1119	1121
1119	2316
1119	1174
1120	1121
1120	1118
1120	1122
1121	1120
1121	1119
1121	1123
1121	119
1122	1123
1122	1120
1122	1124
1122	1908
1123	1122
1123	1124
1123	1121
1123	1125
1123	2485
1124	1123
1124	1122
1124	1126
1124	1347
1125	1126
1125	1123
1125	1127
1126	1125
1126	1127
1126	1124
1126	1128
1127	1126
1127	1125
1127	1129
1127	371
1127	2109
1127	2474
1128	1129
1128	1126
1128	1130
1128	1112
1129	1128
1129	1130
1129	1127
1129	1131
1130	1129
1130	1131
1130	1128
1130	578
1131	1130
1131	1132
1131	1129
1131	1133
1132	1131
1132	1133
1132	1134
1132	1762
1133	1132
1133	1134
1133	1131
1133	1135
1134	1133
1134	1132
1134	2260
1134	250
1134	871
1135	1136
1135	1133
1135	1137
1135	1370
1136	1135
1136	2176
1136	314
1137	1138
1137	1135
1137	1139
1138	1137
1138	1139
1138	1140
1139	1138
1139	1140
1139	1137
1139	1141
1139	266
1140	1139
1140	1141
1140	1138
1140	1142
1141	1140
1141	1142
1141	1139
1141	1143
1142	1141
1142	1143
1142	1140
1142	1144
1142	77
1143	1142
1143	1141
1143	1145
1143	210
1144	1145
1144	1142
1144	1146
1145	1144
1145	1146
1145	1143
1145	1147
1145	435
1145	2006
1146	1145
1146	1144
1146	803
1146	1024
1147	1145
1147	1149
1147	805
1147	2205
1148	1149
1148	1150
1148	1668
1149	1148
1149	1150
1149	1147
1149	1151
1149	968
1150	1149
1150	1151
1150	1148
1150	1152
1151	1150
1151	1149
1151	1689
1151	1892
1152	1150
1152	1154
1152	1233
1152	1232
1153	1154
1153	1155
1154	1153
1154	1155
1154	1152
1154	833
1154	1308
1155	1154
1155	1156
1155	1153
1155	1157
1155	1861
1156	1155
1156	1157
1156	1158
1157	1156
1157	1158
1157	1155
1157	1851
1157	1785
1158	1157
1158	1159
1158	1156
1158	1160
1159	1158
1159	1160
1159	367
1160	1159
1160	1161
1160	1158
1160	1162
1160	300
1161	1160
1161	1163
1161	1227
1162	1163
1162	1160
1162	41
1163	1162
1163	1164
1163	1161
1163	1165
1164	1163
1164	1165
1164	627
1165	1164
1165	1166
1165	1163
1165	1167
1166	1165
1166	1167
1166	1168
1167	1166
1167	1165
1167	1169
1167	8
1168	1169
1168	1166
1168	1170
1169	1168
1169	1170
1169	1167
1169	215
1169	10
1170	1169
1170	1171
1170	1168
1170	1172
1170	615
1170	457
1171	1170
1171	1172
1171	1173
1172	1171
1172	1170
1172	1174
1172	1642
1173	1174
1173	1171
1173	1175
1174	1173
1174	1175
1174	1172
1174	1119
1174	2136
1175	1174
1175	1176
1175	1173
1175	1177
1175	1768
1175	2466
1176	1175
1176	1177
1176	1178
1177	1176
1177	1175
1177	149
1177	1888
1178	1179
1178	1176
1178	59
1178	1600
1179	1178
1179	1180
1179	1689
1180	1179
1180	1181
1180	1182
1181	1180
1181	1182
1181	1183
1181	2372
1182	1181
1182	1183
1182	1180
1182	1184
1182	1315
1182	1991
1183	1182
1183	1184
1183	1181
1183	1185
1184	1183
1184	1182
1184	1186
1184	441
1185	1186
1185	1183
1185	1187
1186	1185
1186	1187
1186	1184
1186	1188
1187	1186
1187	1188
1187	1185
1187	265
1187	2026
1188	1187
1188	1186
1188	1190
1188	52
1189	1190
1189	1191
1189	311
1189	2222
1190	1189
1190	1191
1190	1188
1190	1192
1191	1190
1191	1192
1191	1189
1191	1193
1192	1191
1192	1193
1192	1190
1192	1194
1193	1192
1193	1194
1193	1191
1193	1195
1194	1193
1194	1195
1194	1192
1194	1196
1194	291
1195	1194
1195	1193
1195	1197
1195	706
1196	1197
1196	1194
1196	1633
1196	2380
1197	1196
1197	1198
1197	1195
1197	2198
1197	259
1198	1197
1198	1200
1198	1933
1199	1200
1199	1201
1200	1199
1200	1201
1200	1198
1200	1202
1201	1200
1201	1202
1201	1199
1201	1203
1202	1201
1202	1203
1202	1200
1202	1994
1203	1202
1203	1204
1203	1201
1203	1205
1203	66
1203	2201
1204	1203
1204	1205
1204	1206
1205	1204
1205	1206
1205	1203
1205	1207
1206	1205
1206	1207
1206	1204
1206	1208
1207	1206
1207	1208
1207	1205
1207	1209
1208	1207
1208	1209
1208	1206
1208	1210
1208	1611
1209	1208
1209	1210
1209	1207
1209	2097
1210	1209
1210	1211
1210	1208
1210	1212
1211	1210
1211	1212
1211	1213
1212	1211
1212	1210
1212	2353
1212	404
1212	1774
1212	1430
1213	1214
1213	1211
1213	1215
1214	1213
1214	1215
1214	1216
1214	1572
1214	1748
1214	683
1215	1214
1215	1216
1215	1213
1215	1217
1215	2291
1216	1215
1216	1217
1216	1214
1216	1218
1217	1216
1217	1215
1217	1632
1217	893
1218	1216
1218	1220
1218	1592
1218	1422
1219	1221
1219	81
1219	430
1219	1002
1220	1218
1220	1222
1220	816
1221	1222
1221	1219
1221	1223
1222	1221
1222	1223
1222	1220
1222	1224
1223	1222
1223	1224
1223	1221
1223	1578
1224	1223
1224	1225
1224	1222
1224	1226
1224	8
1225	1224
1225	1226
1225	1227
1226	1225
1226	1227
1226	1224
1226	1228
1227	1226
1227	1228
1227	1225
1227	1161
1227	782
1227	2437
1228	1227
1228	1229
1228	1226
1228	1230
1229	1228
1229	1230
1229	1231
1229	1860
1230	1229
1230	1228
1230	1232
1230	774
1231	1232
1231	1229
1231	1233
1232	1231
1232	1230
1232	1234
1232	1152
1233	1234
1233	1231
1233	1235
1233	1152
1233	1619
1234	1233
1234	1235
1234	1232
1234	97
1235	1234
1235	1236
1235	1233
1235	1237
1235	709
1235	1496
1236	1235
1236	1237
1236	1238
1237	1236
1237	1238
1237	1235
1237	1239
1238	1237
1238	1239
1238	1236
1238	1240
1239	1238
1239	1240
1239	1237
1239	1241
1240	1239
1240	1241
1240	1238
1240	1242
1241	1240
1241	1239
1241	1243
1241	1078
1241	2429
1242	1243
1242	1240
1242	1244
1243	1242
1243	1244
1243	1241
1243	1245
1244	1243
1244	1245
1244	1242
1244	1246
1244	564
1245	1244
1245	1246
1245	1243
1245	1247
1246	1245
1246	1247
1246	1244
1246	1248
1247	1246
1247	1248
1247	1245
1247	1249
1248	1247
1248	1246
1248	1457
1248	1741
1249	1250
1249	1247
1249	1251
1249	1061
1250	1249
1250	1700
1250	1996
1250	2108
1251	1249
1251	1253
1251	1821
1252	1253
1252	1254
1253	1252
1253	1254
1253	1251
1253	1255
1254	1253
1254	1255
1254	1252
1254	1256
1254	2113
1255	1254
1255	1256
1255	1253
1255	1257
1255	377
1256	1255
1256	1257
1256	1254
1256	1258
1257	1256
1257	1258
1257	1255
1257	1259
1257	879
1258	1257
1258	1259
1258	1256
1258	1260
1259	1258
1259	1260
1259	1257
1259	1261
1260	1259
1260	1261
1260	1258
1260	1262
1260	1945
1261	1260
1261	1262
1261	1259
1261	1886
1262	1261
1262	1263
1262	1260
1262	1264
1262	236
1263	1262
1263	1264
1263	1265
1263	102
1264	1263
1264	1265
1264	1262
1264	1266
1264	818
1265	1264
1265	1266
1265	1263
1265	1267
1266	1265
1266	1267
1266	1264
1266	1268
1266	894
1267	1266
1267	1268
1267	1265
1267	1269
1268	1267
1268	1269
1268	1266
1268	1270
1268	47
1269	1268
1269	1270
1269	1267
1269	1271
1270	1269
1270	1271
1270	1268
1270	1272
1270	927
1271	1270
1271	1272
1271	1269
1271	1373
1272	1271
1272	1273
1272	1270
1272	1274
1273	1272
1273	1274
1273	1275
1274	1273
1274	1275
1274	1272
1274	2004
1275	1274
1275	1276
1275	1273
1275	1277
1276	1275
1276	1277
1276	1278
1277	1276
1277	1278
1277	1275
1277	2117
1278	1277
1278	1279
1278	1276
1278	1280
1278	1364
1279	1278
1279	1280
1279	1281
1280	1279
1280	1281
1280	1278
1280	1282
1280	2340
1280	878
1281	1280
1281	1279
1281	1283
1281	1671
1282	1280
1282	1284
1282	859
1283	1284
1283	1281
1283	1285
1283	1431
1283	2095
1284	1283
1284	1285
1284	1282
1284	1286
1284	157
1285	1284
1285	1286
1285	1283
1285	1287
1285	72
1286	1285
1286	1287
1286	1284
1286	1288
1287	1286
1287	1285
1287	1289
1287	1729
1288	1289
1288	1286
1288	1290
1289	1288
1289	1290
1289	1287
1289	1291
1289	2383
1290	1289
1290	1291
1290	1288
1290	557
1290	2078
1291	1290
1291	1292
1291	1289
1291	1293
1292	1291
1292	1293
1292	433
1293	1292
1293	1294
1293	1291
1293	2156
1294	1293
1294	1295
1294	1786
1295	1294
1295	1296
1295	1475
1296	1295
1296	1297
1296	1298
1296	1450
1296	305
1297	1296
1297	1299
1297	385
1298	1299
1298	1296
1298	1300
1299	1298
1299	1300
1299	1297
1299	1301
1300	1299
1300	1301
1300	1298
1300	1302
1300	2
1301	1300
1301	1299
1301	1303
1301	2035
1301	1893
1302	1303
1302	1300
1302	1304
1303	1302
1303	1304
1303	1301
1303	1305
1303	264
1304	1303
1304	1305
1304	1302
1304	1306
1305	1304
1305	1306
1305	1303
1305	1307
1305	2250
1306	1305
1306	1307
1306	1304
1306	1308
1307	1306
1307	1308
1307	1305
1307	1309
1308	1307
1308	1309
1308	1306
1308	1154
1309	1308
1309	1310
1309	1307
1309	1311
1310	1309
1310	1311
1310	1312
1311	1310
1311	1312
1311	1309
1311	1313
1312	1311
1312	1313
1312	1310
1312	1314
1313	1312
1313	1314
1313	1311
1313	1315
1313	2379
1313	2373
1314	1313
1314	1312
1314	1316
1314	1802
1314	749
1314	2293
1315	1313
1315	1317
1315	1182
1316	1317
1316	1314
1316	1347
1317	1316
1317	1318
1317	1315
1317	1319
1318	1317
1318	1319
1318	1320
1319	1318
1319	1320
1319	1317
1319	1321
1319	1974
1320	1319
1320	1318
1320	1322
1320	2052
1321	1322
1321	1319
1321	955
1322	1321
1322	1323
1322	1320
1322	1324
1323	1322
1323	225
1323	1900
1324	1322
1324	1326
1324	100
1325	1326
1325	1327
1326	1325
1326	1327
1326	1324
1326	532
1327	1326
1327	1328
1327	1325
1327	1329
1327	266
1327	671
1328	1327
1328	1329
1328	1330
1329	1328
1329	1327
1329	1331
1329	2205
1329	1765
1330	1331
1330	1328
1330	1332
1331	1330
1331	1332
1331	1329
1331	1333
1331	1421
1332	1331
1332	1333
1332	1330
1332	1334
1333	1332
1333	1334
1333	1331
1333	1335
1334	1333
1334	1335
1334	1332
1334	1336
1335	1334
1335	1336
1335	1333
1335	1337
1336	1335
1336	1334
1336	1338
1336	443
1337	1338
1337	1335
1337	1339
1338	1337
1338	1339
1338	1336
1338	1340
1339	1338
1339	1340
1339	1337
1339	1341
1340	1339
1340	1341
1340	1338
1340	1342
1341	1340
1341	1339
1341	1343
1341	1889
1342	1343
1342	1340
1342	1344
1343	1342
1343	1344
1343	1341
1343	1345
1344	1343
1344	1345
1344	1342
1344	1803
1345	1344
1345	1346
1345	1343
1345	1347
1346	1345
1346	1347
1346	1348
1346	870
1347	1346
1347	1348
1347	1345
1347	1349
1347	1124
1347	1316
1347	2427
1348	1347
1348	1349
1348	1346
1348	1350
1349	1348
1349	1350
1349	1347
1349	1351
1349	1977
1350	1349
1350	1351
1350	1348
1350	1352
1350	1977
1351	1350
1351	1352
1351	1349
1351	1353
1352	1351
1352	1353
1352	1350
1352	1354
1352	1758
1353	1352
1353	1354
1353	1351
1353	1355
1354	1353
1354	1352
1354	1356
1354	506
1355	1353
1355	1357
1355	1421
1356	1354
1356	904
1356	2034
1357	1358
1357	1355
1357	1359
1358	1357
1358	1359
1358	1360
1359	1358
1359	1360
1359	1357
1359	1361
1359	705
1360	1359
1360	1361
1360	1358
1360	1362
1361	1360
1361	1362
1361	1359
1361	1363
1362	1361
1362	1360
1362	1364
1362	806
1363	1364
1363	1361
1363	1365
1364	1363
1364	1365
1364	1362
1364	1278
1365	1364
1365	1366
1365	1363
1365	1576
1366	1365
1366	1367
1366	1368
1367	1366
1367	1368
1367	1369
1367	666
1368	1367
1368	1369
1368	1366
1368	1370
1369	1368
1369	1370
1369	1367
1369	1371
1369	1602
1369	727
1370	1369
1370	1368
1370	1135
1370	737
1370	1565
1371	1372
1371	1369
1371	1373
1371	640
1372	1371
1372	1373
1372	1374
1372	1723
1373	1372
1373	1374
1373	1371
1373	1271
1373	752
1374	1373
1374	1375
1374	1372
1374	1376
1374	2158
1374	366
1374	1593
1375	1374
1375	1376
1375	1377
1376	1375
1376	1374
1376	1378
1376	1069
1377	1375
1377	1980
1377	1830
1378	1379
1378	1376
1378	1380
1378	1383
1379	1378
1379	1380
1379	1381
1379	291
1379	1480
1379	1621
1379	637
1379	2380
1380	1379
1380	1378
1380	1382
1380	1075
1381	1382
1381	1379
1381	970
1382	1381
1382	1380
1382	1384
1382	400
1383	1384
1383	1378
1384	1383
1384	1385
1384	1382
1384	1386
1384	931
1385	1384
1385	1386
1385	1387
1386	1385
1386	1387
1386	1384
1386	1472
1387	1386
1387	1385
1387	1389
1387	49
1387	855
1388	1389
1388	1390
1388	899
1388	2074
1389	1388
1389	1390
1389	1387
1389	1391
1390	1389
1390	1391
1390	1388
1390	1392
1391	1390
1391	1392
1391	1389
1391	1672
1392	1391
1392	1393
1392	1390
1392	1394
1392	15
1392	1083
1393	1392
1393	1394
1393	1395
1394	1393
1394	1395
1394	1392
1394	1396
1394	765
1395	1394
1395	1396
1395	1393
1395	1397
1395	175
1396	1395
1396	1397
1396	1394
1396	986
1396	2422
1397	1396
1397	1398
1397	1395
1397	1399
1398	1397
1398	1400
1398	534
1399	1400
1399	1397
1399	1401
1400	1399
1400	1401
1400	1398
1400	1402
1401	1400
1401	1402
1401	1399
1401	228
1402	1401
1402	1403
1402	1400
1402	1404
1402	238
1403	1402
1403	1404
1403	1405
1404	1403
1404	1405
1404	1402
1404	1406
1405	1404
1405	1406
1405	1403
1405	1407
1405	1617
1406	1405
1406	1407
1406	1404
1406	796
1406	767
1407	1406
1407	1408
1407	1405
1407	1409
1408	1407
1408	1409
1408	1520
1408	981
1409	1408
1409	1407
1409	1411
1409	1648
1410	1411
1410	1412
1411	1410
1411	1412
1411	1409
1411	1413
1411	1976
1412	1411
1412	1413
1412	1410
1412	968
1413	1412
1413	1414
1413	1411
1413	1415
1413	2325
1414	1413
1414	1416
1414	2240
1415	1416
1415	1413
1415	1057
1415	383
1416	1415
1416	1417
1416	1414
1416	557
1417	1416
1417	1418
1417	1419
1417	1553
1418	1417
1418	1419
1418	1420
1419	1418
1419	1420
1419	1417
1419	1421
1420	1419
1420	1421
1420	1418
1420	1618
1421	1420
1421	1422
1421	1419
1421	1355
1421	1331
1422	1421
1422	2375
1422	1218
1423	1424
1423	1425
1423	2129
1423	173
1424	1423
1424	1425
1424	1426
1425	1424
1425	1423
1425	1427
1425	861
1426	1427
1426	1424
1426	1428
1426	751
1427	1426
1427	1428
1427	1425
1427	1551
1428	1427
1428	1429
1428	1426
1428	1430
1429	1428
1429	1430
1429	1431
1430	1429
1430	1431
1430	1428
1430	1212
1431	1430
1431	1429
1431	1433
1431	1283
1431	1574
1432	1433
1432	2110
1433	1432
1433	1434
1433	1431
1433	1435
1433	805
1434	1433
1434	1435
1434	1436
1435	1434
1435	1436
1435	1433
1435	1437
1436	1435
1436	1437
1436	1434
1436	1438
1436	1050
1437	1436
1437	1438
1437	1435
1437	1439
1437	2386
1438	1437
1438	1439
1438	1436
1438	1440
1439	1438
1439	1440
1439	1437
1439	1441
1440	1439
1440	1441
1440	1438
1440	1442
1441	1440
1441	1442
1441	1439
1441	1443
1442	1441
1442	1443
1442	1440
1442	1444
1443	1442
1443	1444
1443	1441
1443	1445
1444	1443
1444	1445
1444	1442
1444	1599
1445	1444
1445	1446
1445	1443
1445	1447
1446	1445
1446	1447
1446	2162
1447	1446
1447	1448
1447	1445
1447	1449
1448	1447
1448	1450
1448	982
1448	1486
1448	516
1449	1450
1449	1447
1449	1451
1449	876
1450	1449
1450	1448
1450	1452
1450	1296
1451	1452
1451	1449
1451	1453
1451	2105
1452	1451
1452	1453
1452	1450
1452	1454
1453	1452
1453	1454
1453	1451
1453	1455
1454	1453
1454	1452
1454	1456
1454	759
1454	1780
1455	1456
1455	1453
1455	1457
1456	1455
1456	1457
1456	1454
1456	1458
1456	613
1457	1456
1457	1458
1457	1455
1457	1459
1457	1248
1458	1457
1458	1459
1458	1456
1458	1460
1459	1458
1459	1460
1459	1457
1459	1461
1460	1459
1460	1461
1460	1458
1460	2273
1461	1460
1461	1459
1461	1463
1461	165
1462	1463
1462	1034
1462	2036
1463	1462
1463	1461
1463	1465
1463	1709
1464	1466
1464	2122
1465	1466
1465	1463
1465	1467
1466	1465
1466	1467
1466	1464
1466	1468
1467	1466
1467	1468
1467	1465
1467	1469
1467	1525
1468	1467
1468	1466
1468	1470
1468	867
1469	1467
1469	1471
1469	1896
1470	1471
1470	1468
1470	123
1470	325
1471	1470
1471	1472
1471	1469
1471	1473
1472	1471
1472	1473
1472	1474
1472	1386
1473	1472
1473	1471
1473	104
1473	904
1474	1475
1474	1472
1474	2380
1475	1474
1475	1476
1475	1477
1475	1295
1476	1475
1476	1477
1476	1478
1477	1476
1477	1478
1477	1475
1477	1479
1477	441
1478	1477
1478	1479
1478	1476
1478	1480
1478	136
1479	1478
1479	1477
1479	1481
1479	26
1480	1478
1480	1482
1480	263
1480	1379
1481	1482
1481	1479
1481	1483
1482	1481
1482	1483
1482	1480
1482	1484
1482	1860
1483	1482
1483	1484
1483	1481
1483	1485
1483	585
1484	1483
1484	1485
1484	1482
1484	187
1484	1999
1485	1484
1485	1483
1485	1487
1485	2475
1486	1487
1486	1488
1486	1448
1487	1486
1487	1488
1487	1485
1487	1489
1487	1683
1487	2003
1488	1487
1488	1489
1488	1486
1488	1490
1489	1488
1489	1490
1489	1487
1489	1491
1490	1489
1490	1491
1490	1488
1490	1492
1491	1490
1491	1492
1491	1489
1491	1493
1492	1491
1492	1493
1492	1490
1492	1494
1493	1492
1493	1494
1493	1491
1493	1495
1494	1493
1494	1495
1494	1492
1494	1496
1495	1494
1495	1496
1495	1493
1495	1497
1495	1664
1496	1495
1496	1497
1496	1494
1496	405
1496	1235
1497	1496
1497	1495
1497	1872
1497	31
1498	1499
1498	1500
1499	1498
1499	1500
1499	1501
1499	2127
1500	1499
1500	1501
1500	1498
1500	2132
1500	950
1501	1500
1501	1502
1501	1499
1501	1503
1502	1501
1502	1503
1502	1504
1503	1502
1503	1504
1503	1501
1503	131
1504	1503
1504	1505
1504	1502
1504	1506
1504	913
1505	1504
1505	1506
1505	1507
1506	1505
1506	1507
1506	1504
1506	1508
1507	1506
1507	1508
1507	1505
1507	1509
1508	1507
1508	1509
1508	1506
1508	2469
1509	1508
1509	1510
1509	1507
1509	1511
1509	2086
1510	1509
1510	1511
1510	1512
1511	1510
1511	1512
1511	1509
1511	1513
1512	1511
1512	1513
1512	1510
1512	1514
1513	1512
1513	1514
1513	1511
1513	385
1513	364
1513	1530
1514	1513
1514	1515
1514	1512
1514	1516
1514	2097
1515	1514
1515	1516
1515	1517
1516	1515
1516	1517
1516	1514
1516	1518
1516	2232
1516	779
1517	1516
1517	1518
1517	1515
1517	1519
1518	1517
1518	1519
1518	1516
1518	1520
1519	1518
1519	1517
1519	1521
1519	825
1519	1029
1519	2205
1520	1518
1520	1522
1520	1408
1521	1522
1521	1519
1521	1523
1521	1551
1522	1521
1522	1523
1522	1520
1522	1524
1523	1522
1523	1524
1523	1521
1523	2058
1524	1523
1524	1525
1524	1522
1524	1526
1525	1524
1525	1527
1525	1467
1525	2362
1526	1527
1526	1524
1526	1528
1526	1957
1527	1526
1527	1528
1527	1525
1527	1624
1528	1527
1528	1529
1528	1526
1528	1530
1529	1528
1529	2250
1529	1723
1530	1531
1530	1528
1530	1513
1530	2153
1531	1530
1531	1532
1531	1533
1532	1531
1532	1533
1532	2378
1533	1532
1533	1531
1533	1535
1533	873
1534	1536
1534	115
1535	1536
1535	1533
1535	1537
1535	1822
1536	1535
1536	1537
1536	1534
1536	1538
1536	1576
1537	1536
1537	1538
1537	1535
1537	141
1538	1537
1538	1539
1538	1536
1538	1575
1538	373
1539	1538
1539	1540
1539	694
1540	1539
1540	1541
1540	1542
1541	1540
1541	1542
1541	1543
1542	1541
1542	1543
1542	1540
1542	1544
1543	1542
1543	1544
1543	1541
1543	1545
1544	1543
1544	1545
1544	1542
1544	1546
1545	1544
1545	1543
1545	1100
1545	2365
1546	1547
1546	1544
1546	1548
1547	1546
1547	1548
1547	2192
1547	1765
1548	1547
1548	1546
1548	1550
1548	1113
1549	1550
1549	1551
1550	1549
1550	1551
1550	1548
1550	1552
1550	1857
1551	1550
1551	1552
1551	1549
1551	1427
1551	1521
1552	1551
1552	1553
1552	1550
1552	1554
1553	1552
1553	1554
1553	2253
1553	1417
1554	1553
1554	1555
1554	1552
1554	1556
1555	1554
1555	1556
1555	1557
1556	1555
1556	1557
1556	1554
1556	1558
1557	1556
1557	1558
1557	1555
1557	1559
1557	775
1558	1557
1558	1559
1558	1556
1558	530
1558	1795
1559	1558
1559	1560
1559	1557
1559	1561
1560	1559
1560	1562
1560	884
1561	1562
1561	1559
1561	373
1562	1561
1562	1560
1562	1564
1562	1062
1563	1564
1563	1565
1564	1563
1564	1565
1564	1562
1564	1566
1564	1821
1565	1564
1565	1563
1565	334
1565	1370
1566	1567
1566	1564
1566	1568
1566	2043
1567	1566
1567	1568
1567	1569
1567	1630
1568	1567
1568	1566
1568	1570
1568	182
1569	1570
1569	1567
1569	1571
1570	1569
1570	1568
1570	1572
1570	2353
1571	1572
1571	1569
1571	1573
1572	1571
1572	1570
1572	1574
1572	1214
1572	1655
1573	1574
1573	1571
1573	1575
1574	1573
1574	1575
1574	1572
1574	1431
1574	2147
1575	1574
1575	1573
1575	1577
1575	1538
1575	2128
1576	1577
1576	642
1576	1365
1576	1536
1577	1576
1577	1575
1577	1579
1577	1067
1578	1579
1578	1580
1578	1223
1579	1578
1579	1580
1579	1577
1579	1581
1580	1579
1580	1581
1580	1578
1580	1582
1581	1580
1581	1582
1581	1579
1581	1583
1582	1581
1582	1583
1582	1580
1582	1584
1583	1582
1583	1584
1583	1581
1583	2014
1583	482
1584	1583
1584	1585
1584	1582
1584	1810
1585	1584
1585	1586
1585	763
1586	1585
1586	1587
1586	1588
1587	1586
1587	1588
1587	1599
1588	1587
1588	1589
1588	1586
1588	1590
1589	1588
1589	1590
1589	1591
1589	739
1589	1985
1589	2378
1590	1589
1590	1591
1590	1588
1590	1592
1591	1590
1591	1592
1591	1589
1591	1593
1591	2480
1592	1591
1592	1593
1592	1590
1592	1594
1592	1218
1593	1592
1593	1591
1593	778
1593	1374
1594	1595
1594	1592
1594	1792
1595	1594
1595	1596
1595	1597
1595	202
1595	1076
1595	1992
1596	1595
1596	1598
1596	757
1596	2047
1597	1598
1597	1595
1597	1599
1598	1597
1598	1599
1598	1596
1598	1600
1598	2329
1599	1598
1599	1600
1599	1597
1599	1601
1599	1444
1599	1587
1600	1599
1600	1601
1600	1598
1600	1178
1601	1600
1601	1602
1601	1599
1601	1603
1601	1032
1601	2448
1602	1601
1602	1604
1602	1369
1603	1604
1603	1601
1603	1605
1604	1603
1604	1605
1604	1602
1604	1606
1604	1054
1605	1604
1605	1606
1605	1603
1605	1607
1606	1605
1606	1604
1606	1608
1606	1821
1606	2343
1607	1608
1607	1605
1607	1609
1607	475
1608	1607
1608	1609
1608	1606
1608	1610
1609	1608
1609	1610
1609	1607
1609	1611
1610	1609
1610	1608
1610	666
1610	343
1611	1609
1611	1613
1611	1208
1612	1613
1612	1614
1612	211
1613	1612
1613	1614
1613	1611
1613	1615
1614	1613
1614	1615
1614	1612
1614	1616
1615	1614
1615	1616
1615	1613
1615	83
1616	1615
1616	1617
1616	1614
1616	1618
1617	1616
1617	1619
1617	1405
1618	1619
1618	1616
1618	1620
1618	1420
1619	1618
1619	1617
1619	1621
1619	1233
1620	1621
1620	1618
1620	1622
1621	1620
1621	1619
1621	1623
1621	1379
1622	1623
1622	1620
1622	1624
1623	1622
1623	1624
1623	1621
1623	2321
1624	1623
1624	1625
1624	1622
1624	1527
1624	263
1625	1624
1625	1626
1625	1627
1625	806
1626	1625
1626	1627
1626	1677
1627	1626
1627	1628
1627	1625
1627	403
1627	1981
1628	1627
1628	1629
1628	1630
1629	1628
1629	1630
1629	1631
1630	1629
1630	1628
1630	1632
1630	1567
1631	1632
1631	1629
1631	248
1632	1631
1632	1633
1632	1630
1632	1634
1632	1217
1633	1632
1633	1635
1633	1196
1634	1632
1634	1636
1634	474
1635	1636
1635	1633
1635	1637
1636	1635
1636	1637
1636	1634
1636	1909
1637	1636
1637	1638
1637	1635
1637	1639
1638	1637
1638	1639
1638	1640
1639	1638
1639	1640
1639	1637
1639	12
1640	1639
1640	1641
1640	1638
1640	1642
1641	1640
1641	1642
1641	548
1642	1641
1642	1643
1642	1640
1642	1644
1642	1172
1643	1642
1643	1644
1643	1645
1644	1643
1644	1645
1644	1642
1644	1646
1644	533
1645	1644
1645	1646
1645	1643
1645	1647
1645	1767
1646	1645
1646	1644
1646	2277
1646	554
1647	1648
1647	1645
1647	1649
1648	1647
1648	1650
1648	1409
1648	1050
1649	1650
1649	1647
1649	1651
1649	1708
1650	1649
1650	1651
1650	1648
1650	1652
1651	1650
1651	1649
1651	1653
1651	1717
1652	1653
1652	1650
1652	1654
1652	799
1653	1652
1653	1654
1653	1651
1653	1655
1654	1653
1654	1652
1654	1656
1654	851
1655	1653
1655	1657
1655	1572
1656	1654
1656	1658
1656	737
1656	823
1657	1658
1657	1655
1657	1659
1658	1657
1658	1659
1658	1656
1658	1660
1659	1658
1659	1660
1659	1657
1659	524
1660	1659
1660	1661
1660	1658
1660	1662
1661	1660
1661	1662
1661	1663
1661	543
1662	1661
1662	1663
1662	1660
1662	1664
1663	1662
1663	1661
1663	1665
1663	973
1664	1662
1664	1495
1664	2160
1665	1666
1665	1663
1665	1667
1666	1665
1666	1667
1666	1668
1667	1666
1667	1668
1667	1665
1667	1669
1667	2024
1668	1667
1668	1669
1668	1666
1668	1148
1669	1668
1669	1670
1669	1667
1669	1671
1670	1669
1670	1671
1670	1672
1671	1670
1671	1672
1671	1669
1671	1673
1671	1281
1671	2403
1672	1671
1672	1670
1672	1674
1672	1960
1672	1391
1673	1671
1673	1675
1673	702
1674	1675
1674	1672
1674	537
1674	590
1675	1674
1675	1676
1675	1673
1675	1074
1676	1675
1676	1677
1676	1678
1677	1676
1677	1678
1677	1679
1677	1626
1677	2191
1678	1677
1678	1679
1678	1676
1678	1680
1679	1678
1679	1680
1679	1677
1679	1681
1680	1679
1680	1678
1680	1682
1680	956
1681	1682
1681	1679
1681	1683
1681	375
1682	1681
1682	1683
1682	1680
1682	276
1683	1682
1683	1681
1683	1685
1683	461
1683	1487
1684	1685
1684	1686
1684	333
1685	1684
1685	1686
1685	1683
1685	1687
1686	1685
1686	1687
1686	1684
1686	2344
1687	1686
1687	1688
1687	1685
1687	1689
1688	1687
1688	1690
1688	865
1688	965
1689	1690
1689	1687
1689	1691
1689	1151
1689	1019
1689	1179
1690	1689
1690	1691
1690	1688
1690	1692
1690	359
1691	1690
1691	1692
1691	1689
1691	1693
1691	246
1691	48
1692	1691
1692	1690
1692	1694
1692	526
1693	1694
1693	1691
1693	1695
1694	1693
1694	1695
1694	1692
1694	1696
1695	1694
1695	1696
1695	1693
1695	1697
1696	1695
1696	1697
1696	1694
1696	1698
1697	1696
1697	1698
1697	1695
1697	1699
1698	1697
1698	1696
1698	1700
1698	1082
1699	1700
1699	1697
1699	1701
1700	1699
1700	1701
1700	1698
1700	1702
1700	1250
1700	792
1700	1072
1701	1700
1701	1702
1701	1699
1701	1703
1702	1701
1702	1703
1702	1700
1702	1945
1702	2325
1703	1702
1703	1704
1703	1701
1703	1705
1703	2164
1704	1703
1704	1705
1704	1706
1705	1704
1705	1706
1705	1703
1705	1983
1705	990
1706	1705
1706	1707
1706	1704
1706	1708
1707	1706
1707	1709
1707	665
1707	22
1708	1709
1708	1706
1708	1649
1709	1708
1709	1707
1709	1711
1709	1463
1709	777
1709	1865
1710	1711
1710	1712
1711	1710
1711	1712
1711	1709
1711	1713
1711	153
1712	1711
1712	1713
1712	1710
1712	1714
1712	168
1713	1712
1713	1711
1713	1715
1713	618
1713	2153
1714	1715
1714	1712
1714	1716
1714	2092
1715	1714
1715	1716
1715	1713
1715	1116
1715	726
1716	1715
1716	1717
1716	1714
1716	1718
1716	394
1716	2177
1717	1716
1717	1718
1717	1719
1717	1651
1718	1717
1718	1719
1718	1716
1718	389
1719	1718
1719	1720
1719	1717
1719	1721
1720	1719
1720	1721
1720	592
1720	2489
1721	1720
1721	1722
1721	1719
1721	1723
1722	1721
1722	1723
1722	1724
1723	1722
1723	1721
1723	1725
1723	1372
1723	1529
1724	1725
1724	1722
1724	1726
1725	1724
1725	1726
1725	1723
1725	1727
1726	1725
1726	1724
1726	982
1726	771
1727	1728
1727	1725
1727	1729
1728	1727
1728	1729
1728	1730
1729	1728
1729	1730
1729	1727
1729	1731
1729	1287
1730	1729
1730	1728
1730	1732
1730	233
1731	1732
1731	1729
1731	1103
1731	1097
1732	1731
1732	1733
1732	1730
1732	1734
1733	1732
1733	1734
1733	1995
1734	1733
1734	1735
1734	1732
1734	1736
1735	1734
1735	1736
1735	1737
1736	1735
1736	1734
1736	994
1736	665
1737	1738
1737	1735
1737	405
1738	1737
1738	1739
1738	1740
1739	1738
1739	1740
1739	1741
1739	2334
1740	1739
1740	1741
1740	1738
1740	1742
1741	1740
1741	1742
1741	1739
1741	1248
1741	85
1742	1741
1742	1743
1742	1740
1742	1788
1743	1742
1743	1744
1743	1745
1743	501
1744	1743
1744	645
1744	2355
1745	1746
1745	1743
1745	1747
1746	1745
1746	1747
1746	1748
1747	1746
1747	1748
1747	1745
1747	1749
1748	1747
1748	1746
1748	1750
1748	1214
1749	1750
1749	1747
1749	1751
1750	1749
1750	1748
1750	390
1750	2270
1750	2030
1751	1752
1751	1749
1751	1753
1752	1751
1752	1753
1752	1754
1752	1801
1753	1752
1753	1754
1753	1751
1753	1755
1754	1753
1754	1755
1754	1752
1754	1756
1754	2029
1754	77
1755	1754
1755	1753
1755	1757
1755	695
1756	1757
1756	1754
1756	1758
1756	663
1757	1756
1757	1758
1757	1755
1757	1759
1758	1757
1758	1759
1758	1756
1758	1352
1759	1758
1759	1760
1759	1757
1759	1761
1759	597
1760	1759
1760	1761
1760	1762
1761	1760
1761	1762
1761	1759
1761	1083
1762	1761
1762	1763
1762	1760
1762	1132
1763	1762
1763	1764
1763	1765
1764	1763
1764	1765
1764	1766
1764	2483
1765	1764
1765	1763
1765	77
1765	56
1765	1547
1765	1329
1766	1767
1766	1764
1766	5
1767	1766
1767	1768
1767	1645
1768	1767
1768	1769
1768	328
1768	1175
1769	1768
1769	415
1769	1879
1770	1772
1770	2327
1771	1772
1771	1773
1772	1771
1772	1773
1772	1770
1772	1774
1773	1772
1773	1774
1773	1771
1773	304
1774	1773
1774	1775
1774	1772
1774	1776
1774	1212
1775	1774
1775	1776
1775	1777
1776	1775
1776	1777
1776	1774
1776	1778
1777	1776
1777	1778
1777	1775
1777	2421
1778	1777
1778	1779
1778	1776
1778	294
1779	1778
1779	1780
1779	1781
1779	2238
1780	1779
1780	1454
1780	2231
1780	422
1781	1782
1781	1779
1781	1783
1782	1781
1782	1783
1782	799
1783	1782
1783	1784
1783	1781
1783	1785
1784	1783
1784	1785
1784	334
1784	1074
1785	1784
1785	1786
1785	1783
1785	1157
1786	1785
1786	1787
1786	1294
1786	123
1787	1786
1787	1788
1787	1789
1788	1787
1788	1790
1788	1801
1788	980
1788	1742
1789	1790
1789	1787
1789	1791
1790	1789
1790	1791
1790	1788
1790	1792
1791	1790
1791	1792
1791	1789
1791	1793
1792	1791
1792	1793
1792	1790
1792	1794
1792	1594
1793	1792
1793	1794
1793	1791
1793	1795
1794	1793
1794	1795
1794	1792
1794	1796
1795	1794
1795	1796
1795	1793
1795	1797
1795	1558
1796	1795
1796	1797
1796	1794
1796	1798
1797	1796
1797	1798
1797	1795
1797	1799
1798	1797
1798	1799
1798	1796
1798	1800
1799	1798
1799	1800
1799	1797
1799	1801
1799	618
1800	1799
1800	1801
1800	1798
1800	1802
1800	234
1800	245
1801	1800
1801	1802
1801	1799
1801	1788
1801	1752
1802	1801
1802	1803
1802	1800
1802	1804
1802	1314
1803	1802
1803	1804
1803	1805
1803	274
1803	1344
1804	1803
1804	1805
1804	1802
1804	1806
1805	1804
1805	1803
1805	1807
1805	61
1806	1807
1806	1804
1806	887
1807	1806
1807	1808
1807	1805
1807	1809
1808	1807
1808	1809
1808	573
1808	272
1809	1808
1809	1810
1809	1807
1809	1811
1810	1809
1810	1811
1810	1812
1810	862
1810	1584
1811	1810
1811	1812
1811	1809
1811	1813
1811	1857
1812	1811
1812	1813
1812	1810
1812	1814
1813	1812
1813	1814
1813	1811
1813	1815
1814	1813
1814	1815
1814	1812
1814	1816
1814	731
1815	1814
1815	1816
1815	1813
1815	572
1816	1815
1816	1817
1816	1814
1816	1818
1816	2370
1816	2244
1817	1816
1817	1819
1817	142
1818	1819
1818	1816
1818	1820
1819	1818
1819	1820
1819	1817
1819	1821
1819	152
1820	1819
1820	1821
1820	1818
1820	2220
1821	1820
1821	1819
1821	1823
1821	1251
1821	1606
1821	1564
1822	1824
1822	1535
1823	1824
1823	1821
1823	1825
1824	1823
1824	1825
1824	1822
1824	1826
1825	1824
1825	1826
1825	1823
1825	1827
1826	1825
1826	1827
1826	1824
1826	1828
1827	1826
1827	1825
1827	1829
1827	1892
1828	1829
1828	1826
1828	1830
1829	1828
1829	1830
1829	1827
1829	1831
1830	1829
1830	1828
1830	1832
1830	1984
1830	1377
1831	1832
1831	1829
1831	1833
1831	2185
1832	1831
1832	1833
1832	1830
1832	1834
1833	1832
1833	1834
1833	1831
1833	1835
1834	1833
1834	1835
1834	1832
1834	1836
1834	1966
1834	43
1835	1834
1835	1836
1835	1833
1835	1837
1835	2148
1836	1835
1836	1837
1836	1834
1836	2151
1837	1836
1837	1838
1837	1835
1837	1839
1837	647
1838	1837
1838	1840
1838	2401
1839	1840
1839	1837
1839	1841
1840	1839
1840	1838
1840	1842
1840	1872
1841	1842
1841	1839
1841	1843
1842	1841
1842	1843
1842	1840
1842	1844
1843	1842
1843	1844
1843	1841
1843	1845
1844	1843
1844	1845
1844	1842
1844	1846
1844	507
1845	1844
1845	1846
1845	1843
1845	1847
1846	1845
1846	1847
1846	1844
1846	1848
1846	2138
1847	1846
1847	1848
1847	1845
1847	2085
1847	907
1848	1847
1848	1849
1848	1846
1848	1850
1849	1848
1849	1850
1849	1851
1850	1849
1850	1851
1850	1848
1850	1852
1851	1850
1851	1852
1851	1849
1851	1853
1851	1157
1852	1851
1852	1853
1852	1850
1852	1854
1853	1852
1853	1854
1853	1851
1853	1855
1853	228
1854	1853
1854	1855
1854	1852
1854	1856
1855	1854
1855	1856
1855	1853
1855	1857
1856	1855
1856	1857
1856	1854
1856	1858
1857	1856
1857	1855
1857	1811
1857	1550
1858	1859
1858	1856
1858	1860
1859	1858
1859	1860
1859	1037
1860	1859
1860	1858
1860	1229
1860	1482
1861	2041
1861	1155
1862	1863
1862	1864
1863	1862
1863	1864
1863	1865
1864	1863
1864	1865
1864	1862
1864	1866
1864	2428
1865	1864
1865	1866
1865	1863
1865	1709
1866	1865
1866	1867
1866	1864
1866	1868
1867	1866
1867	1868
1867	1869
1868	1867
1868	1869
1868	1866
1868	1870
1869	1868
1869	1870
1869	1867
1869	1871
1870	1869
1870	1871
1870	1868
1870	831
1871	1870
1871	1869
1871	1873
1871	763
1872	1873
1872	1874
1872	1497
1872	1840
1872	2170
1873	1872
1873	1874
1873	1871
1873	1875
1874	1873
1874	1875
1874	1872
1874	2224
1875	1874
1875	1873
1875	1877
1875	1895
1876	1877
1876	1878
1877	1876
1877	1878
1877	1875
1877	1078
1877	537
1878	1877
1878	1879
1878	1876
1878	1880
1878	2059
1879	1878
1879	1880
1879	1881
1879	1769
1880	1879
1880	1881
1880	1878
1880	1882
1881	1880
1881	1882
1881	1879
1881	1883
1882	1881
1882	1883
1882	1880
1882	1884
1883	1882
1883	1884
1883	1881
1883	1885
1884	1883
1884	1885
1884	1882
1884	1886
1885	1884
1885	1883
1885	1887
1885	232
1886	1887
1886	1884
1886	1888
1886	353
1886	1261
1887	1886
1887	1888
1887	1885
1887	1889
1888	1887
1888	1889
1888	1886
1888	1177
1888	473
1889	1888
1889	1890
1889	1887
1889	1891
1889	1341
1890	1889
1890	1891
1890	1892
1890	731
1891	1890
1891	1892
1891	1889
1891	1893
1892	1891
1892	1890
1892	1894
1892	1827
1892	111
1892	1151
1892	2438
1893	1894
1893	1891
1893	1301
1893	2227
1894	1893
1894	1895
1894	1892
1894	1896
1895	1894
1895	1896
1895	1897
1895	1875
1896	1895
1896	1894
1896	1898
1896	1469
1896	298
1897	1898
1897	1895
1897	1899
1898	1897
1898	1899
1898	1896
1898	1900
1899	1898
1899	1900
1899	1897
1899	1901
1899	833
1900	1899
1900	1898
1900	1902
1900	673
1900	1323
1901	1902
1901	1899
1901	2107
1902	1901
1902	1903
1902	1900
1902	1904
1903	1902
1903	1905
1903	2091
1904	1905
1904	1902
1904	1906
1905	1904
1905	1906
1905	1903
1905	1907
1906	1905
1906	1904
1906	1908
1906	814
1907	1908
1907	1905
1907	1909
1908	1907
1908	1906
1908	1910
1908	1122
1909	1907
1909	1911
1909	2422
1909	1636
1910	1911
1910	1908
1910	8
1911	1910
1911	1912
1911	1909
1911	1913
1912	1911
1912	1913
1912	1914
1912	941
1913	1912
1913	1914
1913	1911
1913	2138
1914	1913
1914	1915
1914	1912
1914	1916
1915	1914
1915	1916
1915	1917
1916	1915
1916	1917
1916	1914
1916	1918
1917	1916
1917	1915
1917	1919
1917	916
1917	120
1918	1919
1918	1916
1918	1920
1919	1918
1919	1920
1919	1917
1919	1921
1920	1919
1920	1921
1920	1918
1920	1922
1921	1920
1921	1922
1921	1919
1921	1923
1922	1921
1922	1923
1922	1920
1922	1924
1923	1922
1923	1924
1923	1921
1923	1925
1924	1923
1924	1925
1924	1922
1924	1926
1925	1924
1925	1926
1925	1923
1925	1927
1926	1925
1926	1927
1926	1924
1926	1928
1927	1926
1927	1928
1927	1925
1927	1929
1927	255
1928	1927
1928	1929
1928	1926
1928	617
1929	1928
1929	1927
1929	1931
1929	2287
1930	1931
1930	1932
1930	2360
1931	1930
1931	1932
1931	1929
1931	1933
1932	1931
1932	1933
1932	1930
1932	1934
1933	1932
1933	1934
1933	1931
1933	1935
1933	1198
1934	1933
1934	1935
1934	1932
1934	1936
1935	1934
1935	1936
1935	1933
1935	1937
1936	1935
1936	1937
1936	1934
1936	1938
1937	1936
1937	1938
1937	1935
1937	1939
1938	1937
1938	1939
1938	1936
1938	1940
1939	1938
1939	1937
1939	1941
1939	490
1939	510
1940	1941
1940	1938
1940	1942
1941	1940
1941	1942
1941	1939
1941	1943
1941	602
1942	1941
1942	1943
1942	1940
1942	1944
1943	1942
1943	1944
1943	1941
1943	1945
1943	926
1944	1943
1944	1945
1944	1942
1944	1946
1945	1944
1945	1943
1945	1947
1945	1260
1945	1702
1946	1947
1946	1944
1946	772
1946	1991
1947	1946
1947	1948
1947	1945
1947	2074
1948	1947
1948	1949
1948	1950
1948	2442
1949	1948
1949	1951
1949	43
1950	1951
1950	1948
1950	1952
1951	1950
1951	1952
1951	1949
1951	1953
1952	1951
1952	1953
1952	1950
1952	1954
1953	1952
1953	1954
1953	1951
1953	1955
1954	1953
1954	1955
1954	1952
1954	1956
1955	1954
1955	1956
1955	1953
1955	1957
1956	1955
1956	1957
1956	1954
1956	1958
1957	1956
1957	1958
1957	1955
1957	1526
1958	1957
1958	1959
1958	1956
1958	1960
1959	1958
1959	1960
1959	1961
1959	31
1960	1959
1960	1961
1960	1958
1960	1962
1960	1672
1961	1960
1961	1962
1961	1959
1961	1963
1962	1961
1962	1963
1962	1960
1962	1964
1963	1962
1963	1964
1963	1961
1963	1965
1964	1963
1964	1965
1964	1962
1964	1966
1965	1964
1965	1963
1965	1967
1965	2109
1966	1964
1966	1968
1966	1834
1967	1968
1967	1965
1967	799
1968	1967
1968	1969
1968	1966
1968	1970
1969	1968
1969	1970
1969	1971
1969	918
1970	1969
1970	1971
1970	1968
1970	1972
1971	1970
1971	1972
1971	1969
1971	1973
1971	193
1972	1971
1972	1970
1972	1974
1972	230
1973	1974
1973	1971
1973	606
1973	2158
1974	1973
1974	1972
1974	1976
1974	1319
1975	1976
1975	1977
1976	1975
1976	1974
1976	1978
1976	1411
1977	1975
1977	1349
1977	1350
1978	1979
1978	1976
1978	1980
1979	1978
1979	1980
1979	1981
1980	1979
1980	1978
1980	1377
1980	546
1980	39
1981	1982
1981	1979
1981	110
1981	1627
1982	1981
1982	1983
1982	1984
1983	1982
1983	1985
1983	1705
1984	1985
1984	1982
1984	1986
1984	1830
1985	1984
1985	1983
1985	1987
1985	1589
1986	1987
1986	1984
1986	1988
1987	1986
1987	1988
1987	1985
1987	1989
1988	1987
1988	1989
1988	1986
1988	783
1989	1988
1989	1990
1989	1987
1989	1991
1990	1989
1990	1991
1990	1992
1991	1990
1991	1989
1991	1182
1991	1946
1992	1990
1992	1994
1992	1595
1993	1994
1993	1995
1994	1993
1994	1995
1994	1992
1994	1996
1994	243
1994	1202
1995	1994
1995	1996
1995	1993
1995	1997
1995	863
1995	1733
1996	1995
1996	1997
1996	1994
1996	1998
1996	1250
1997	1996
1997	1998
1997	1995
1997	1999
1998	1997
1998	1999
1998	1996
1998	2000
1999	1998
1999	2000
1999	1997
1999	2001
1999	996
1999	1484
2000	1999
2000	2001
2000	1998
2000	2002
2001	2000
2001	1999
2001	2003
2001	104
2001	478
2002	2003
2002	2000
2002	2004
2003	2002
2003	2001
2003	2005
2003	1487
2004	2005
2004	2002
2004	2006
2004	1274
2005	2004
2005	2006
2005	2003
2005	2007
2005	2102
2006	2005
2006	2007
2006	2004
2006	1145
2007	2006
2007	2008
2007	2005
2007	2009
2008	2007
2008	2009
2008	2010
2009	2008
2009	2010
2009	2007
2009	2011
2010	2009
2010	2008
2010	2012
2010	2191
2011	2012
2011	2009
2011	2013
2012	2011
2012	2010
2012	2014
2012	135
2013	2014
2013	2011
2013	2089
2014	2013
2014	2012
2014	2016
2014	1583
2015	2016
2015	2017
2016	2015
2016	2017
2016	2014
2016	2018
2017	2016
2017	2018
2017	2015
2017	2019
2018	2017
2018	2019
2018	2016
2018	2020
2019	2018
2019	2020
2019	2017
2019	2021
2020	2019
2020	2021
2020	2018
2020	2022
2021	2020
2021	2022
2021	2019
2021	2023
2022	2021
2022	2023
2022	2020
2022	717
2022	883
2023	2022
2023	2024
2023	2021
2023	2025
2024	2023
2024	2026
2024	1667
2025	2026
2025	2023
2025	2027
2025	691
2026	2025
2026	2027
2026	2024
2026	2028
2026	1187
2027	2026
2027	2028
2027	2025
2027	2029
2028	2027
2028	2029
2028	2026
2028	2030
2029	2028
2029	2027
2029	2031
2029	1754
2030	2031
2030	2028
2030	2032
2030	1750
2031	2030
2031	2029
2031	2033
2031	785
2031	34
2032	2033
2032	2030
2032	2034
2033	2032
2033	2031
2033	2035
2033	960
2033	816
2034	2032
2034	2269
2034	1356
2034	2091
2035	2036
2035	2033
2035	2037
2035	1301
2036	2035
2036	2037
2036	1462
2036	2373
2037	2036
2037	2038
2037	2035
2037	2039
2038	2037
2038	2039
2038	2040
2039	2038
2039	2040
2039	2037
2039	2405
2039	2273
2040	2039
2040	2038
2040	2042
2040	2278
2041	2042
2041	2043
2041	1861
2042	2041
2042	2043
2042	2040
2042	2044
2043	2042
2043	2044
2043	2041
2043	1566
2044	2043
2044	2045
2044	2042
2044	2046
2045	2044
2045	2047
2045	1042
2046	2047
2046	2044
2046	2048
2047	2046
2047	2045
2047	2049
2047	1596
2048	2046
2048	2050
2048	237
2049	2050
2049	2047
2049	2051
2050	2049
2050	2051
2050	2048
2050	2052
2050	959
2051	2050
2051	2052
2051	2049
2051	2053
2052	2051
2052	2053
2052	2050
2052	2054
2052	708
2052	1320
2053	2052
2053	2054
2053	2051
2053	2055
2054	2053
2054	2055
2054	2052
2054	2056
2055	2054
2055	2056
2055	2053
2055	2057
2056	2055
2056	2057
2056	2054
2056	2058
2057	2056
2057	2055
2057	2059
2057	2151
2057	116
2058	2059
2058	2056
2058	2060
2058	84
2058	1523
2059	2058
2059	2057
2059	2240
2059	1878
2060	2061
2060	2058
2060	2062
2061	2060
2061	2062
2061	2063
2062	2061
2062	2060
2062	2064
2062	984
2063	2064
2063	2061
2063	2065
2064	2063
2064	2065
2064	2062
2064	2066
2064	1046
2065	2064
2065	2066
2065	2063
2065	2067
2066	2065
2066	2064
2066	2068
2066	134
2066	948
2066	1051
2066	394
2066	2419
2066	112
2067	2068
2067	2065
2067	2069
2067	810
2068	2067
2068	2069
2068	2066
2068	2070
2068	762
2068	2439
2068	548
2069	2068
2069	2070
2069	2067
2069	2071
2070	2069
2070	2071
2070	2068
2070	581
2071	2070
2071	2072
2071	2069
2071	2073
2072	2071
2072	2073
2072	2074
2073	2072
2073	2074
2073	2071
2073	2137
2074	2073
2074	2072
2074	2076
2074	1388
2074	1947
2075	2076
2075	802
2076	2075
2076	2077
2076	2074
2076	2078
2077	2076
2077	2078
2077	2079
2078	2077
2078	2076
2078	2139
2078	1290
2078	417
2079	2080
2079	2077
2079	1045
2080	2079
2080	2081
2080	2082
2081	2080
2081	2082
2081	2083
2082	2081
2082	2080
2082	2084
2082	346
2083	2084
2083	2081
2083	2085
2084	2083
2084	2085
2084	2082
2084	2086
2085	2084
2085	2083
2085	2087
2085	1847
2086	2084
2086	1046
2086	1509
2087	2088
2087	2085
2087	2089
2088	2087
2088	2089
2088	2090
2089	2088
2089	2090
2089	2087
2089	2091
2089	2013
2090	2089
2090	2091
2090	2088
2090	2092
2090	753
2091	2090
2091	2089
2091	2093
2091	1903
2091	2404
2091	2034
2092	2090
2092	2094
2092	1714
2093	2091
2093	2095
2093	1113
2094	2095
2094	2092
2094	2096
2095	2094
2095	2093
2095	2097
2095	1283
2096	2094
2096	2098
2096	2267
2097	2098
2097	2095
2097	1209
2097	1514
2098	2097
2098	2096
2098	2100
2098	994
2099	2100
2099	2101
2100	2099
2100	2101
2100	2098
2100	2102
2101	2100
2101	2102
2101	2099
2101	2103
2102	2101
2102	2100
2102	2104
2102	2005
2103	2104
2103	2101
2103	2105
2104	2103
2104	2105
2104	2102
2104	2106
2104	235
2105	2104
2105	2103
2105	2107
2105	1451
2106	2107
2106	2104
2106	2108
2107	2106
2107	2108
2107	2105
2107	2109
2107	604
2107	1901
2108	2107
2108	2109
2108	2106
2108	1250
2109	2108
2109	2110
2109	2107
2109	610
2109	1965
2109	1127
2110	2109
2110	2111
2110	2112
2110	1432
2111	2110
2111	2112
2111	2113
2111	463
2111	2166
2112	2111
2112	2113
2112	2110
2112	2114
2112	1073
2113	2112
2113	2114
2113	2111
2113	1254
2114	2113
2114	2112
2114	2116
2114	793
2114	2327
2115	2116
2115	2117
2116	2115
2116	2117
2116	2114
2116	2118
2117	2116
2117	2115
2117	2119
2117	880
2117	1277
2118	2119
2118	2116
2118	2120
2119	2118
2119	2120
2119	2117
2119	2121
2120	2119
2120	2121
2120	2118
2120	2122
2120	802
2120	556
2121	2120
2121	2122
2121	2119
2121	2123
2122	2121
2122	2123
2122	2120
2122	2124
2122	715
2122	1464
2122	981
2123	2122
2123	2124
2123	2121
2123	755
2124	2123
2124	2125
2124	2122
2124	2126
2125	2124
2125	2126
2125	2127
2126	2125
2126	2127
2126	2124
2126	2128
2127	2126
2127	2128
2127	2125
2127	1499
2128	2127
2128	2129
2128	2126
2128	1575
2129	2128
2129	2131
2129	1423
2130	2131
2130	2132
2131	2130
2131	2132
2131	2129
2131	2133
2132	2131
2132	2130
2132	2134
2132	1500
2133	2134
2133	2131
2133	2135
2134	2133
2134	2135
2134	2132
2134	2136
2135	2134
2135	2133
2135	2137
2135	2216
2135	2320
2136	2137
2136	2134
2136	1174
2137	2136
2137	2138
2137	2135
2137	2139
2137	2073
2138	2137
2138	2140
2138	1846
2138	1913
2139	2140
2139	2137
2139	2141
2139	126
2139	2078
2140	2139
2140	2141
2140	2138
2140	2142
2140	2153
2141	2140
2141	2142
2141	2139
2141	2143
2142	2141
2142	2140
2142	2144
2142	785
2143	2141
2143	2145
2143	2187
2144	2145
2144	2142
2144	2146
2145	2144
2145	2146
2145	2143
2145	2147
2146	2145
2146	2144
2146	2148
2146	444
2146	2190
2147	2145
2147	234
2147	1574
2148	2149
2148	2146
2148	1835
2149	2148
2149	2150
2149	1052
2150	2149
2150	2151
2150	248
2151	2150
2151	2152
2151	2153
2151	763
2151	2057
2151	1836
2151	2404
2152	2151
2152	2153
2152	2154
2152	809
2153	2152
2153	2151
2153	1713
2153	1530
2153	2140
2154	2155
2154	2152
2154	120
2155	2154
2155	2156
2155	2157
2156	2155
2156	2157
2156	2158
2156	1293
2157	2156
2157	2155
2157	2159
2157	478
2158	2156
2158	2160
2158	1374
2158	37
2158	1973
2159	2160
2159	2157
2159	579
2160	2159
2160	2161
2160	2158
2160	2162
2160	880
2160	1664
2161	2160
2161	2162
2161	2163
2161	568
2162	2161
2162	2163
2162	2160
2162	2164
2162	1446
2163	2162
2163	2164
2163	2161
2163	2165
2164	2163
2164	2162
2164	1703
2164	561
2165	2166
2165	2163
2165	2167
2166	2165
2166	2168
2166	2111
2167	2168
2167	2165
2167	2169
2167	105
2167	1026
2168	2167
2168	2169
2168	2166
2168	2170
2169	2168
2169	2170
2169	2167
2169	2171
2170	2169
2170	2171
2170	2168
2170	1872
2171	2170
2171	2172
2171	2169
2171	2173
2171	27
2172	2171
2172	2173
2172	2174
2172	2274
2173	2172
2173	2174
2173	2171
2173	392
2174	2173
2174	2175
2174	2172
2174	1022
2175	2174
2175	2176
2175	1101
2176	2175
2176	2177
2176	2178
2176	1136
2177	2176
2177	2178
2177	1716
2178	2177
2178	2179
2178	2176
2178	2180
2179	2178
2179	2180
2179	2181
2180	2179
2180	2181
2180	2178
2180	2182
2180	1091
2181	2180
2181	2179
2181	130
2181	504
2182	2183
2182	2180
2182	2184
2183	2182
2183	2184
2183	2185
2184	2183
2184	2185
2184	2182
2184	2186
2185	2184
2185	2186
2185	2183
2185	1831
2186	2185
2186	2187
2186	2184
2186	2188
2187	2186
2187	2188
2187	2189
2187	2143
2188	2187
2188	2189
2188	2186
2188	2190
2189	2188
2189	2190
2189	2187
2189	2191
2190	2189
2190	2188
2190	678
2190	2146
2191	2192
2191	2189
2191	2010
2191	2251
2191	1677
2192	2191
2192	2194
2192	774
2192	1547
2192	629
2193	2194
2193	2195
2193	374
2194	2193
2194	2195
2194	2192
2194	2196
2195	2194
2195	2196
2195	2193
2195	2197
2196	2195
2196	2197
2196	2194
2196	2198
2197	2196
2197	2198
2197	2195
2197	2199
2198	2197
2198	2196
2198	1197
2198	57
2199	2200
2199	2197
2199	825
2200	2199
2200	2201
2200	2202
2200	394
2201	2200
2201	1203
2201	649
2202	2203
2202	2200
2202	2204
2203	2202
2203	2204
2203	2205
2204	2203
2204	2205
2204	2202
2204	195
2205	2204
2205	2203
2205	1329
2205	1147
2205	1519
2206	2207
2206	2208
2207	2206
2207	2208
2207	2209
2208	2207
2208	2209
2208	2206
2208	2210
2208	903
2209	2208
2209	2210
2209	2207
2209	2211
2210	2209
2210	2211
2210	2208
2210	2212
2211	2210
2211	2209
2211	2213
2211	2487
2212	2213
2212	2210
2212	2214
2213	2212
2213	2214
2213	2211
2213	2215
2214	2213
2214	2212
2214	2216
2214	843
2214	58
2214	527
2215	2216
2215	2213
2215	2217
2216	2215
2216	2217
2216	2214
2216	2218
2216	2135
2217	2216
2217	2218
2217	2215
2217	2219
2218	2217
2218	2216
2218	2220
2218	211
2219	2220
2219	2217
2219	2221
2220	2219
2220	2221
2220	2218
2220	2222
2220	131
2220	1820
2221	2220
2221	2222
2221	2219
2221	2223
2222	2221
2222	2223
2222	2220
2222	1189
2223	2222
2223	2221
2223	2225
2223	827
2224	2225
2224	2226
2224	391
2224	1874
2225	2224
2225	2226
2225	2223
2225	2434
2226	2225
2226	2227
2226	2224
2226	289
2227	2226
2227	2228
2227	1893
2228	2227
2228	2229
2228	2314
2228	2232
2229	2228
2229	2230
2229	230
2230	2229
2230	2231
2230	2232
2231	2230
2231	2232
2231	2233
2231	1780
2232	2231
2232	2230
2232	1516
2232	2228
2233	2231
2233	2235
2233	914
2233	2310
2234	2235
2234	2236
2235	2234
2235	2236
2235	2233
2235	2237
2236	2235
2236	2234
2236	2238
2236	178
2237	2238
2237	2235
2237	2239
2238	2237
2238	2236
2238	602
2238	1779
2239	2240
2239	2237
2239	2241
2240	2239
2240	2241
2240	1414
2240	2059
2240	52
2241	2240
2241	2242
2241	2239
2241	2243
2242	2241
2242	2243
2242	2244
2242	2283
2243	2242
2243	2244
2243	2241
2243	2245
2244	2243
2244	2245
2244	2242
2244	1816
2245	2244
2245	2246
2245	2243
2245	2247
2245	62
2245	99
2246	2245
2246	2247
2246	2248
2247	2246
2247	2245
2247	2249
2247	2335
2248	2249
2248	2246
2248	2250
2249	2248
2249	2250
2249	2247
2249	2251
2250	2249
2250	2248
2250	2252
2250	1529
2250	1305
2251	2249
2251	2253
2251	2191
2252	2253
2252	2250
2252	2254
2253	2252
2253	2251
2253	2255
2253	1553
2254	2255
2254	2252
2254	2256
2254	237
2255	2254
2255	2256
2255	2253
2255	2257
2256	2255
2256	2257
2256	2254
2256	2258
2257	2256
2257	2258
2257	2255
2257	2259
2258	2257
2258	2259
2258	2256
2258	2260
2259	2258
2259	2260
2259	2257
2259	2261
2260	2259
2260	2261
2260	2258
2260	2262
2260	1134
2261	2260
2261	2259
2261	2263
2261	934
2261	2462
2262	2263
2262	2260
2262	2492
2263	2262
2263	2264
2263	2261
2263	2265
2264	2263
2264	2265
2264	2266
2265	2264
2265	2266
2265	2263
2265	2267
2266	2265
2266	2267
2266	2264
2266	2268
2267	2266
2267	2268
2267	2265
2267	2269
2267	2096
2268	2267
2268	2269
2268	2266
2268	546
2269	2268
2269	2267
2269	2271
2269	2034
2269	474
2270	2272
2270	1750
2271	2272
2271	2269
2271	2273
2272	2271
2272	2273
2272	2270
2272	2274
2273	2272
2273	2274
2273	2271
2273	90
2273	1460
2273	2039
2274	2273
2274	2272
2274	2276
2274	2172
2275	2276
2275	2277
2276	2275
2276	2277
2276	2274
2276	2278
2277	2276
2277	2278
2277	2275
2277	2279
2277	1646
2278	2277
2278	2279
2278	2276
2278	2280
2278	916
2278	2040
2279	2278
2279	2280
2279	2277
2279	2281
2279	2445
2280	2279
2280	2281
2280	2278
2280	2282
2281	2280
2281	2282
2281	2279
2281	2283
2282	2281
2282	2280
2282	2284
2282	445
2282	511
2283	2284
2283	2281
2283	2242
2284	2283
2284	2282
2284	2286
2284	518
2285	2286
2285	2287
2286	2285
2286	2287
2286	2284
2286	2288
2287	2286
2287	2288
2287	2285
2287	2289
2287	1929
2287	1037
2288	2287
2288	2289
2288	2286
2288	2290
2289	2288
2289	2290
2289	2287
2289	2291
2290	2289
2290	2291
2290	2288
2290	2292
2290	319
2291	2290
2291	2289
2291	2293
2291	1215
2292	2290
2292	2294
2292	1075
2293	2294
2293	2291
2293	1314
2294	2293
2294	2295
2294	2292
2294	2296
2295	2294
2295	2296
2295	2297
2295	349
2295	613
2296	2295
2296	2297
2296	2294
2296	1019
2296	507
2297	2296
2297	2298
2297	2295
2297	2299
2298	2297
2298	2299
2298	2300
2299	2298
2299	2300
2299	2297
2299	2301
2299	558
2300	2299
2300	2301
2300	2298
2300	2302
2301	2300
2301	2302
2301	2299
2301	2303
2302	2301
2302	2303
2302	2300
2302	2304
2303	2302
2303	2304
2303	2301
2303	2305
2304	2303
2304	2305
2304	2302
2304	493
2304	243
2305	2304
2305	2306
2305	2303
2305	2307
2306	2305
2306	2307
2306	2308
2307	2306
2307	2308
2307	2305
2307	2309
2308	2307
2308	2309
2308	2306
2308	2310
2308	197
2309	2308
2309	2310
2309	2307
2309	2311
2310	2309
2310	2308
2310	2233
2310	90
2311	2312
2311	2309
2311	2313
2312	2311
2312	2313
2312	481
2313	2312
2313	2314
2313	2311
2313	2315
2314	2313
2314	2315
2314	2316
2314	2228
2315	2314
2315	2316
2315	2313
2315	2317
2316	2315
2316	2317
2316	2314
2316	2318
2316	1119
2317	2316
2317	2315
2317	2319
2317	1013
2318	2319
2318	2316
2318	2320
2319	2318
2319	2320
2319	2317
2319	2321
2320	2319
2320	2321
2320	2318
2320	2135
2321	2320
2321	2319
2321	2323
2321	142
2321	1623
2322	2323
2322	2324
2323	2322
2323	2324
2323	2321
2323	2325
2324	2323
2324	2325
2324	2322
2324	136
2325	2324
2325	2323
2325	1413
2325	1702
2326	2327
2326	2463
2327	2326
2327	2329
2327	1770
2327	2114
2328	2329
2328	791
2329	2328
2329	2327
2329	2331
2329	1598
2330	2332
2330	797
2331	2332
2331	2329
2331	2333
2331	157
2332	2331
2332	2333
2332	2330
2332	2334
2333	2332
2333	2334
2333	2331
2333	968
2334	2333
2334	2332
2334	2336
2334	1739
2335	2336
2335	2337
2335	2247
2336	2335
2336	2337
2336	2334
2336	2338
2336	955
2337	2336
2337	2338
2337	2335
2337	2339
2338	2337
2338	2339
2338	2336
2338	2340
2338	755
2339	2338
2339	2340
2339	2337
2339	2341
2339	859
2340	2339
2340	2338
2340	2342
2340	1280
2341	2342
2341	2339
2341	2343
2342	2341
2342	2343
2342	2340
2342	2344
2343	2342
2343	2341
2343	2345
2343	1606
2344	2345
2344	2342
2344	2346
2344	1686
2345	2344
2345	2346
2345	2343
2345	2347
2345	320
2346	2345
2346	2347
2346	2344
2346	2348
2347	2346
2347	2348
2347	2345
2347	2349
2348	2347
2348	2349
2348	2346
2348	2350
2349	2348
2349	2350
2349	2347
2349	2351
2350	2349
2350	2351
2350	2348
2350	2352
2351	2350
2351	2352
2351	2349
2351	2353
2352	2351
2352	2353
2352	2350
2352	2354
2353	2352
2353	2354
2353	2351
2353	2355
2353	1212
2353	1570
2354	2353
2354	2355
2354	2352
2354	2356
2355	2354
2355	2356
2355	2353
2355	2357
2355	255
2355	1744
2356	2355
2356	2354
2356	2358
2356	135
2357	2358
2357	2355
2357	2359
2358	2357
2358	2359
2358	2356
2358	2360
2359	2358
2359	2360
2359	2357
2359	2361
2360	2359
2360	2361
2360	2358
2360	1930
2361	2360
2361	2362
2361	2359
2361	2363
2362	2361
2362	107
2362	875
2362	1525
2363	2364
2363	2361
2363	667
2364	2363
2364	2365
2364	2366
2365	2364
2365	2366
2365	2367
2365	2436
2365	1545
2366	2365
2366	2367
2366	2364
2366	2368
2367	2366
2367	2368
2367	2365
2367	2369
2368	2367
2368	2369
2368	2366
2368	2370
2368	303
2369	2368
2369	2367
2369	2371
2369	2441
2370	2368
2370	2372
2370	1816
2371	2372
2371	2369
2371	2373
2372	2371
2372	2373
2372	2370
2372	1181
2373	2372
2373	2374
2373	2371
2373	2036
2373	1313
2374	2373
2374	2375
2374	2376
2375	2374
2375	2376
2375	2377
2375	1422
2375	498
2376	2375
2376	2377
2376	2374
2376	2378
2377	2376
2377	2378
2377	2375
2377	764
2378	2377
2378	2379
2378	2376
2378	1532
2378	1589
2379	2378
2379	2381
2379	1313
2380	2381
2380	1196
2380	1474
2380	1379
2381	2380
2381	2382
2381	2379
2381	2383
2382	2381
2382	2383
2382	2384
2383	2382
2383	2384
2383	2381
2383	1289
2384	2383
2384	2385
2384	2382
2384	2386
2385	2384
2385	2386
2385	2387
2386	2385
2386	2384
2386	2388
2386	925
2386	1437
2387	2388
2387	2385
2387	2389
2388	2387
2388	2389
2388	2386
2388	2390
2389	2388
2389	2390
2389	2387
2389	2391
2390	2389
2390	2391
2390	2388
2390	67
2390	201
2391	2390
2391	2392
2391	2389
2391	2393
2392	2391
2392	2393
2392	2394
2393	2392
2393	2394
2393	2391
2393	2395
2393	14
2394	2393
2394	2392
2394	2396
2394	988
2395	2396
2395	2393
2395	2397
2395	117
2396	2395
2396	2397
2396	2394
2396	2398
2397	2396
2397	2398
2397	2395
2397	2399
2398	2397
2398	2399
2398	2396
2398	2400
2399	2398
2399	2400
2399	2397
2399	2401
2400	2399
2400	2401
2400	2398
2400	2402
2401	2400
2401	2402
2401	2399
2401	2403
2401	1838
2402	2401
2402	2400
2402	975
2402	77
2403	2401
2403	2405
2403	1671
2404	2405
2404	2091
2404	2151
2405	2404
2405	2406
2405	2403
2405	2407
2405	2039
2406	2405
2406	2407
2406	2408
2407	2406
2407	2408
2407	2405
2407	2409
2408	2407
2408	2409
2408	2406
2408	2410
2409	2408
2409	2407
2409	728
2409	2450
2410	2411
2410	2408
2410	320
2411	2410
2411	2412
2411	2413
2412	2411
2412	2413
2412	2414
2413	2412
2413	2411
2413	2415
2413	550
2414	2415
2414	2412
2414	2416
2414	890
2415	2414
2415	2416
2415	2413
2415	2417
2416	2415
2416	2417
2416	2414
2416	2418
2417	2416
2417	2418
2417	2415
2417	2419
2418	2417
2418	2419
2418	2416
2418	2420
2419	2418
2419	2417
2419	2421
2419	2066
2420	2421
2420	2418
2420	2422
2421	2420
2421	2422
2421	2419
2421	2423
2421	1777
2422	2421
2422	2423
2422	2420
2422	2424
2422	1909
2422	1396
2423	2422
2423	2421
2423	2425
2423	587
2423	739
2424	2425
2424	2422
2424	2426
2425	2424
2425	2423
2425	2427
2425	563
2425	971
2426	2427
2426	2424
2426	2428
2427	2426
2427	2425
2427	1013
2427	681
2427	1347
2428	2426
2428	2430
2428	1864
2429	2430
2429	1241
2430	2429
2430	2431
2430	2428
2430	2432
2430	967
2431	2430
2431	2432
2431	2433
2432	2431
2432	2433
2432	2430
2432	289
2433	2432
2433	2434
2433	2431
2433	2435
2434	2433
2434	2435
2434	2436
2434	2225
2435	2434
2435	2436
2435	2433
2435	2437
2436	2435
2436	2434
2436	2438
2436	2365
2437	2438
2437	2435
2437	34
2437	1227
2438	2437
2438	2436
2438	432
2438	1892
2439	2441
2439	2068
2440	2441
2440	2442
2441	2440
2441	2442
2441	2439
2441	2443
2441	2369
2442	2441
2442	2440
2442	2444
2442	1948
2443	2444
2443	2441
2443	2445
2444	2443
2444	2442
2444	1081
2444	376
2444	604
2444	4
2445	2446
2445	2443
2445	2279
2446	2445
2446	2447
2446	2448
2447	2446
2447	2449
2447	877
2448	2446
2448	1601
2448	234
2448	478
2449	2450
2449	2447
2449	2451
2449	787
2450	2449
2450	2451
2450	2452
2450	2409
2451	2450
2451	2452
2451	2449
2451	2453
2452	2451
2452	2453
2452	2450
2452	2454
2453	2452
2453	2454
2453	2451
2453	2455
2454	2453
2454	2455
2454	2452
2454	2456
2455	2454
2455	2456
2455	2453
2455	2457
2456	2455
2456	2457
2456	2454
2456	2458
2456	426
2457	2456
2457	2458
2457	2455
2457	2459
2458	2457
2458	2459
2458	2456
2458	481
2459	2458
2459	2460
2459	2457
2459	2461
2460	2459
2460	2461
2460	2462
2461	2460
2461	2462
2461	2459
2461	2463
2462	2461
2462	2463
2462	2460
2462	2261
2463	2462
2463	2464
2463	2461
2463	2465
2463	2326
2464	2463
2464	2465
2464	2466
2465	2464
2465	2466
2465	2463
2465	2467
2466	2465
2466	2467
2466	2464
2466	1175
2467	2466
2467	2465
2467	2469
2467	858
2467	463
2468	2469
2468	2470
2469	2468
2469	2470
2469	2467
2469	2471
2469	1508
2470	2469
2470	2471
2470	2468
2470	2472
2471	2470
2471	2469
2471	2473
2471	930
2472	2473
2472	2470
2472	2474
2473	2472
2473	2474
2473	2471
2473	2475
2474	2473
2474	2475
2474	2472
2474	127
2474	658
2474	1127
2475	2474
2475	2476
2475	2473
2475	2477
2475	1485
2476	2475
2476	2477
2476	2478
2477	2476
2477	2478
2477	2475
2477	2479
2478	2477
2478	2479
2478	2476
2478	261
2479	2478
2479	2480
2479	2477
2479	2481
2480	2479
2480	2482
2480	1591
2481	2482
2481	2479
2481	2483
2482	2481
2482	2483
2482	2480
2482	2484
2483	2482
2483	2481
2483	2485
2483	1764
2484	2485
2484	2482
2484	2486
2485	2484
2485	2483
2485	882
2485	1123
2486	2487
2486	2484
2486	2488
2487	2486
2487	2488
2487	2489
2487	2211
2488	2487
2488	2489
2488	2486
2488	2490
2489	2488
2489	2490
2489	2487
2489	2491
2489	1720
2490	2489
2490	2491
2490	2488
2490	2492
2490	179
2491	2490
2491	2492
2491	2489
2491	2493
2491	134
2492	2491
2492	2493
2492	2490
2492	2494
2492	2262
2493	2492
2493	2494
2493	2491
2493	2495
2494	2493
2494	2495
2494	2492
2494	2496
2495	2494
2495	2496
2495	2493
2495	2497
2496	2495
2496	2497
2496	2494
2496	2498
2496	937
2497	2496
2497	2498
2497	2495
2497	2499
2498	2497
2498	2499
2498	2496
2498	0
2499	2498
2499	0
2499	2497
2499	1
