2378
2386
2390
2393
2401
2405
2421
2423
2425
2427
2430
2441
2456
2463
2467
2469
2475
2489
2490
2491
2492
2496
12
26
43
52
72
77
130
135
142
155
210
230
241
248
304
373
408
435
443
444
474
481
772
799
825
831
867
934
963
968
994
1127
1145
1170
1175
1182
1203
1212
1214
1227
1235
1280
1313
1314
1327
1369
1392
1487
1513
1516
1519
1589
1595
1599
1601
1671
1689
1691
1709
1716
1754
1765
1800
1816
1821
1834
1994
1995
1999
2052
2091
2107
2109
2120
2160
2214
2220
2245
2273
2278
2287
2353
2355
2422
2444
2474
119
194
258
478
785
873
1074
1347
1374
1700
1892
2068
2122
2151
546
1379
2066
