2914
2922
2930
2941
2942
2948
2963
2969
2984
2986
2987
2991
2993
2994
7
45
93
111
118
125
131
139
140
145
220
263
275
287
320
373
405
410
422
423
427
428
452
493
503
505
545
666
673
682
695
736
762
766
808
812
833
873
904
928
995
1016
1054
1055
1075
1090
1103
1113
1141
1183
1202
1217
1224
1242
1245
1268
1278
1303
1339
1410
1435
1444
1454
1535
1540
1607
1612
1621
1634
1643
1648
1671
1677
1705
1719
1720
1728
1734
1775
1791
1793
1837
1850
1878
1884
1895
1929
1995
2080
2127
2128
2184
2186
2193
2209
2256
2281
2303
2330
2337
2356
2365
2375
2379
2387
2391
2414
2464
2474
2543
2578
2588
2621
2720
2725
2826
2850
2866
2887
2907
2926
2960
2964
69
215
421
649
654
1008
1139
1309
1692
1933
2514
2797
2924
